-6.170229032949776102e-05
-1.226507109335331803e-04
-1.833168494447698859e-04
-2.441829221095806555e-04
-3.038876513713084258e-04
-3.616953522534990329e-04
-4.193108969871326775e-04
-4.754177842491587834e-04
-5.298983255230841835e-04
-5.826724571594229553e-04
-6.336398295415671339e-04
-6.833334159764779250e-04
-7.304924655860421711e-04
-7.756608578990669550e-04
-8.182246000492228661e-04
-8.581643607062607775e-04
-8.965732414688293165e-04
-9.323295667791769471e-04
-9.654101203779571561e-04
-9.963845587242529597e-04
-1.024182777373620337e-03
-1.049890061549085644e-03
-1.073000943681525236e-03
-1.092533672631415325e-03
-1.110533287598370602e-03
-1.126036728126155037e-03
-1.137607677080468413e-03
-1.147698004437645728e-03
-1.155368710091954571e-03
-1.159712436516099768e-03
-1.161256212655075891e-03
-1.160446694044359401e-03
-1.157711944990668252e-03
-1.151775672753039322e-03
-1.142662534775327771e-03
-1.131592587383503656e-03
-1.117749758303413247e-03
-1.100726657584309058e-03
-1.081275355311198680e-03
-1.058988980308434979e-03
-1.033504223472127498e-03
-1.005153068471942692e-03
-9.742154554617167995e-04
-9.403197134782193293e-04
-9.034184318140211882e-04
-8.632253780479645861e-04
-8.199858846117542540e-04
-7.737227275753337649e-04
-7.243686760437168578e-04
-6.719616734569725880e-04
-6.162739269979954819e-04
-5.577392420387472472e-04
-4.960301733176665940e-04
-4.313424390501434955e-04
-3.638856832960749845e-04
-2.934552624460658307e-04
-2.202276883787943193e-04
-1.444520465368495611e-04
-6.620390533559000019e-05
1.443625241769708084e-05
9.723544646245594020e-05
1.821060175778603854e-04
2.687447848560475176e-04
3.568708443227752865e-04
4.466263465040412150e-04
5.375377840619816137e-04
6.291762629474709342e-04
7.216490096268225480e-04
8.144570802725600682e-04
9.077300892392819098e-04
1.001234855869405013e-03
1.094418868275456305e-03
1.186889517851830861e-03
1.278335354565813793e-03
1.369673094801651843e-03
1.460940269056475648e-03
1.549872917239678840e-03
1.637709668714972715e-03
1.724985817308016030e-03
1.809957989443831397e-03
1.894379669755158306e-03
1.977059420985790694e-03
2.057992059106097862e-03
2.138237886700288144e-03
2.216397857418317061e-03
2.293962037229074075e-03
2.370912391039398538e-03
2.445147505700752052e-03
2.521147181964314334e-03
2.593185610874913175e-03
2.664404089739340516e-03
2.736100034451070459e-03
2.801295686643843433e-03
2.865386665223241657e-03
2.928397040206994536e-03
2.979602646400085399e-03
3.025294521809069898e-03
3.058173601898395676e-03
2.260245416755343045e-03
1.414440260717248887e-03
2.079975151752628659e-03
2.754073282154444018e-03
2.688396890202188021e-03
2.632809990089210982e-03
2.581616521133681032e-03
2.524358033552384379e-03
2.467941211754765170e-03
2.410824566958191546e-03
2.347309653068200327e-03
2.282943038372378143e-03
2.216217322678432945e-03
2.144144501676325219e-03
2.071654127662371156e-03
1.994782125119283923e-03
1.915385723282594758e-03
1.833539143511161854e-03
1.748048058057695463e-03
1.660212987594631177e-03
1.569278535372964833e-03
1.475377933488333012e-03
1.379643718990189493e-03
1.280818647376448429e-03
1.180414505775245542e-03
1.078201488159658515e-03
9.734226033876671336e-04
8.679207366219608005e-04
7.617665872688069188e-04
6.545069307424678092e-04
5.465524938035444492e-04
4.383908248717382247e-04
3.304703858502993827e-04
2.231004877894314075e-04
1.164063030314292104e-04
1.076090925412992688e-05
-9.350239017573568783e-05
-1.960943108669725818e-04
-2.968852618155203688e-04
-3.953936428395873480e-04
-4.912986121380206496e-04
-5.848626770973759008e-04
-6.755757653309334837e-04
-7.627775248521104137e-04
-8.469732707630775372e-04
-9.280743025017944249e-04
-1.005411390632053939e-03
-1.078794165064070592e-03
-1.148833270991521252e-03
-1.215107087062048969e-03
-1.277208538496537454e-03
-1.335880200346971011e-03
-1.390268962119646599e-03
-1.440813690117830059e-03
-1.487476073372685694e-03
-1.530330714848055851e-03
-1.569354381340236316e-03
-1.604093077376136109e-03
-1.635052628489439431e-03
-1.662284921119986693e-03
-1.686379812287330717e-03
-1.706850987591409900e-03
-1.723157504993238099e-03
-1.735881144105069340e-03
-1.745650960491315455e-03
-1.751289011256831028e-03
-1.753426205817643297e-03
-1.753314076810947968e-03
-1.749088483887520536e-03
-1.740733343571061525e-03
-1.730178041155148918e-03
-1.716780974726579397e-03
-1.699885229102569969e-03
-1.678751092267097853e-03
-1.654723088489736893e-03
-1.629178725952058022e-03
-1.598583663177746868e-03
-1.565030319793849845e-03
-1.529919725338572435e-03
-1.490337169450917706e-03
-1.447703281568937057e-03
-1.402745469691942621e-03
-1.353944038688419810e-03
-1.302806402772960269e-03
-1.248546267682414980e-03
-1.191189770241223717e-03
-1.132295416136109689e-03
-1.070334576945689616e-03
-1.005328919735626412e-03
-9.381104717645997451e-04
-8.679177055693123449e-04
-7.964502160081516659e-04
-7.229558411120231903e-04
-6.475340959585477053e-04
-5.702679940687504449e-04
-4.912755119754726521e-04
-4.123076466943642322e-04
-3.310056472257579528e-04
-2.483250446340275175e-04
-1.660627694990742659e-04
-8.351689405703554983e-05
-3.632031988710793659e-05
