5.014589245145023707e-04
9.979232273628385781e-04
1.494351561700318085e-03
1.995792239880467625e-03
2.492229404787069200e-03
2.978609212859120638e-03
3.469963000739387671e-03
3.956305696926282547e-03
4.437634733947237384e-03
4.913888745619515719e-03
5.385095350900379399e-03
5.856303971666845277e-03
6.317441325615152925e-03
6.773527261002539566e-03
7.219570207786654877e-03
7.655539936063019031e-03
8.091476259921145595e-03
8.517368550379033135e-03
8.933186491762364415e-03
9.343950495283323207e-03
9.739651056745440155e-03
1.013032782168479286e-02
1.051093196940202680e-02
1.087142611398274339e-02
1.123188680539724017e-02
1.158230687565739783e-02
1.190766084801339261e-02
1.223295270349736633e-02
1.254817579911990735e-02
1.284335399042859857e-02
1.312347695090648747e-02
1.339350278868820660e-02
1.365847863552802771e-02
1.390344212610877990e-02
1.412830436917604862e-02
1.434808612315213380e-02
1.455284304552999231e-02
1.473752845617133655e-02
1.491214491923807325e-02
1.507167557500553590e-02
1.521116413346459105e-02
1.533559601019476165e-02
1.544992567658826609e-02
1.554919666017955462e-02
1.563343773605720827e-02
1.569757505715570212e-02
1.574662195891192440e-02
1.578063855748913433e-02
1.579956376621612438e-02
1.580341331856889575e-02
1.578720407142020915e-02
1.576091673982424335e-02
1.571455802496573087e-02
1.565314017869530103e-02
1.558164594813293315e-02
1.549008471400489112e-02
1.537846032731398499e-02
1.525677928210515504e-02
1.512504322828727397e-02
1.496824488025598823e-02
1.479640528518669576e-02
1.461951251074490588e-02
1.442256413111621220e-02
1.420559608524095754e-02
1.398358450253502430e-02
1.374653865598406827e-02
1.348948973191935879e-02
1.322240664053855874e-02
1.294030719161752725e-02
1.264820398999824333e-02
1.234610212470097293e-02
1.202899076576718559e-02
1.169688593072024108e-02
1.134981677324456081e-02
1.099774199267838058e-02
1.064066076960320725e-02
1.026363209449249539e-02
9.876622546064917074e-03
9.484624700545132847e-03
9.077675539498668289e-03
8.665737860735944070e-03
8.243833405632984557e-03
7.811964150249040874e-03
7.375109351633488304e-03
6.928299007095550452e-03
6.476499270327525266e-03
6.019710534856541166e-03
5.552980918855064847e-03
5.086211867760614437e-03
4.609527260687949074e-03
4.127859084276730775e-03
3.646179557801937712e-03
3.154640576177802306e-03
2.663125698617659944e-03
2.171634167356510138e-03
1.675399104937428264e-03
1.179284148503483877e-03
6.834489397987938194e-04
2.307479253411871703e-04
-3.086319628074358357e-05
-3.254518750432804954e-04
-8.102726179679228292e-04
-1.303957338622578664e-03
-1.797862384313156500e-03
-2.291863090964059956e-03
-2.780730346308512603e-03
-3.269615734310354731e-03
-3.758485852120037937e-03
-4.237215067164784056e-03
-4.715924766310112398e-03
-5.189581528976334492e-03
-5.653119626686743150e-03
-6.116647681136176337e-03
-6.570080000851506209e-03
-7.018454845544366653e-03
-7.461773834730571660e-03
-7.895012241038569176e-03
-8.323198971921111702e-03
-8.741315151628433269e-03
-9.149361824351885317e-03
-9.552367958015178448e-03
-9.940305060464473680e-03
-1.032320717799345769e-02
-1.069606503983930486e-02
-1.104886852268899787e-02
-1.139664824775128878e-02
-1.173940575819285015e-02
-1.206715246245713621e-02
-1.237987496481341744e-02
-1.267757645283294418e-02
-1.296528959780005909e-02
-1.324302114790566753e-02
-1.350575840138273920e-02
-1.375850257603234914e-02
-1.399128969467234793e-02
-1.420910424168078320e-02
-1.442195010372463240e-02
-1.461485855820585100e-02
-1.478780679632362392e-02
-1.495579813139175269e-02
-1.510885753829479920e-02
-1.523698346243633830e-02
-1.535517391954707711e-02
-1.546343084407997802e-02
-1.555176777969203943e-02
-1.562018888077347858e-02
-1.567866697693306999e-02
-1.572223309531112223e-02
-1.574588813704693932e-02
-1.575960205302949155e-02
-1.575342220880867825e-02
-1.573231720095799244e-02
-1.569627295987854887e-02
-1.564534747741574278e-02
-1.557948164133224171e-02
-1.549367737558032115e-02
-1.539299124445945438e-02
-1.527739230620959662e-02
-1.515181605268107502e-02
-1.501132473221551862e-02
-1.485095197654012419e-02
-1.467563345375487958e-02
-1.449036341958257097e-02
-1.428518142289433683e-02
-1.406511148805567567e-02
-1.384005284227398172e-02
-1.359505202453780912e-02
-1.333019881507160713e-02
-1.306038563104900720e-02
-1.278058868091568046e-02
-1.248587393653573588e-02
-1.217127936481221182e-02
-1.184673197396193291e-02
-1.152218786058366480e-02
-1.117277366324382661e-02
-1.081343786138219513e-02
-1.045413603835971227e-02
-1.007489986632647584e-02
-9.685714311066202092e-03
-9.291601291837653029e-03
-8.882578003978279860e-03
-8.468597710027348999e-03
-8.044669585722679511e-03
-7.610822869850471760e-03
-7.177009709629934495e-03
-6.733247497324093729e-03
-6.279565568249247977e-03
-5.820923940176376404e-03
-5.352331248930137890e-03
-4.883796181840533226e-03
-4.410297358782025445e-03
-3.931802799734211880e-03
-3.448370312523308095e-03
-2.959997322392212988e-03
-2.476601967790657659e-03
-1.983241580650197365e-03
-1.484933102066546967e-03
-9.916234768092379963e-04
-4.982902306389629804e-04
7.925121991979956754e-07
