8.457194740506036174e-03
-2.120541116281583359e-04
1.618596274500192682e-03
-1.297094203519932615e-03
-5.040168142147329750e-03
5.973798549039832477e-03
2.100375767460278841e-04
3.013981731139278456e-04
4.875182414583817403e-03
2.734394339303989219e-03
2.508136986912760935e-03
1.116041198570043129e-03
8.462422502212827574e-03
1.829320314160998162e-03
-3.427299494157499179e-03
1.144098238471771270e-03
1.761692815412874190e-03
-3.400154779036871754e-03
-1.040567468071319605e-02
1.241807490800543373e-03
-4.741952025049293168e-03
3.320806720374614492e-03
-7.421986173779682042e-04
5.617269899145601111e-03
2.202197818283221052e-03
2.550433516240256226e-03
-1.019863940931409153e-03
-8.285573048560591815e-04
3.333448360567295779e-03
1.538362901959708460e-03
8.503353024701990406e-03
-6.415735918804421576e-06
-1.472789787419223314e-03
5.273625824282144594e-05
-1.560911779153386671e-03
1.868780398949698588e-03
5.066932546584850851e-03
6.062240877484167782e-03
5.674867911681705929e-03
4.410397761780678939e-04
-1.049277798283350036e-02
5.060095865561169094e-04
-6.362747502381027598e-03
9.630244239837276168e-04
3.102290883567517931e-03
-7.122413894501303938e-03
2.605065095283552474e-03
3.965293479830317783e-03
5.239692652242498513e-03
-3.498730001434200224e-03
6.046338561124168023e-03
3.214790692010367334e-03
4.736902665227733442e-03
-1.027432344273236870e-03
3.784888583881978064e-03
7.769759912440119334e-03
2.578891280889853300e-03
5.843361041618880258e-03
-3.627232477702005322e-03
-8.378670692894372041e-04
-2.060253015378721796e-04
-4.266420960903941420e-03
-2.638366760456565402e-03
5.589989197483036937e-03
7.972693132877455447e-04
-2.252198979396448017e-03
5.145255050253434714e-03
1.506115393085095651e-03
7.456597709295169178e-03
-3.704801695919956290e-04
4.055981583180890034e-03
2.787845366921760937e-03
3.388351645052322704e-03
3.746728456045318647e-03
1.119978029554822424e-02
-1.842587299473771216e-03
1.032507489743327055e-03
-1.951373357367906921e-03
1.943672120012664107e-03
-4.816469546212313532e-03
-5.071782452328070338e-03
1.787465709050529896e-03
-3.223946752259684769e-03
-1.581096679409190733e-03
6.400355986496606558e-03
5.253279540943498784e-04
7.047661987659083194e-03
-1.361891218283132945e-03
-8.947101794373267091e-04
-2.491966487153389215e-03
5.911812523942488150e-03
-2.410847631592812155e-03
2.783105232543076069e-03
3.213775768158152850e-03
1.497188060672520384e-03
5.112496945116372545e-03
-6.848993980101353643e-03
-2.023444040098670155e-03
1.311272002073062687e-03
8.805044225879590791e-03
4.084061040815195782e-03
1.141078604417687138e-02
-9.460611665580476214e-04
2.884835396794759900e-04
-9.084127050576997668e-04
-4.524650992443691316e-03
-1.734647221636549360e-03
-4.735785274792950498e-04
1.991204003082339830e-03
1.257243982959097917e-03
-1.635145899897426499e-03
6.868492038798668618e-03
7.231237645789333202e-03
6.933561782387762627e-03
2.830696452747641628e-03
4.017934659900829208e-03
2.543620904470374373e-03
7.721169831055141319e-03
4.996742479647036696e-03
5.636356368354245028e-03
6.811682237297713924e-03
1.978382632807503764e-03
1.669850788906820146e-03
-8.365833946279516153e-03
2.507723128750580840e-03
8.482520529174768578e-03
-1.275625158672978252e-03
-2.812464499301953278e-03
2.699324457831371680e-03
1.149569645355646985e-02
-1.707679354670750809e-03
-1.724878453432329446e-03
3.929444147700092427e-03
3.086303263303046777e-03
1.047203193515994484e-03
2.905893963387744250e-03
-1.705229424735626607e-03
-3.657030305464028120e-03
6.364013877116232037e-03
3.154228386881986756e-03
1.473293059147020483e-03
3.371019776060503459e-03
7.103878457743725838e-03
1.878693649818518729e-03
5.219418816855331614e-03
-8.107094030012177441e-04
5.437004200162175518e-03
3.567897327895582833e-05
3.530706279092697079e-03
2.247412736888810669e-03
-7.319377774532234530e-03
-3.908779883845668775e-03
4.115421341925452545e-03
1.647871978019295729e-04
5.827564662134172933e-04
5.822241547123665519e-03
6.365657528933325350e-03
3.741195272624995606e-03
4.301023438719670140e-03
-3.192818019464035029e-03
-4.511782819594386054e-03
4.468252816127822255e-03
4.316747599260306427e-03
2.845752364026312136e-03
3.603334077166760532e-03
3.792982662338145565e-03
7.481370693065653252e-04
8.396263229305252034e-04
3.084260723617456446e-03
-2.660848796804878968e-03
-3.560748058517763850e-03
1.434484879805045417e-04
6.413842631866493484e-03
7.369952895540945147e-03
-2.112121669226754098e-03
-8.484743065663654955e-04
2.462586244634292106e-03
-4.239873620843321103e-03
-4.226817930647179880e-03
2.405673724355858814e-03
-1.808985316671363110e-03
6.327099157289436775e-03
-2.890720166911731667e-03
7.273110173982094522e-03
-7.262998557747319360e-03
4.529940085138181756e-03
1.023925652763083179e-02
1.165184848393403111e-02
8.728350628724637628e-03
5.542138273300168359e-03
5.689408991940720500e-03
-4.509578953372227715e-03
7.164990206407345630e-03
-3.604726164768101118e-04
-2.770281719953452196e-03
4.247341426603175492e-03
-8.105715130962332440e-03
3.495324956724647596e-03
7.148769974267622004e-04
3.045228689888497108e-03
-8.889914996919328835e-03
6.148153558545482386e-03
4.637596167361036394e-03
-3.216750427196257418e-04
8.745707842454154585e-05
7.774562280286253894e-03
1.985948792836977894e-03
7.895532397801283478e-03
5.813767462023968413e-04
8.262556806511423511e-04
1.139709934938102319e-02
-5.031461077498908425e-03
7.464123822228692763e-05
-5.633047992316880109e-03
8.125525051209323002e-03
7.558907552277786997e-04
-2.688785968398769988e-03
2.230747531719336034e-03
8.813504443188725085e-03
-2.381439917948251651e-03
3.581556174601623586e-03
-3.672297410732111231e-03
2.938647498693715190e-03
1.017901707605245627e-02
-6.004784423232345644e-05
2.764836797090842232e-03
-2.824996140224033964e-03
1.107422361572071379e-03
2.239633417965856738e-04
-2.577905474682269747e-03
5.121943784283606920e-04
1.604847995800164507e-03
5.836006525805315440e-03
4.832217823791236052e-04
9.138665566864456876e-04
4.436050074513441834e-03
1.056548062922718287e-02
4.358625483874163480e-03
7.043168001445953424e-03
6.907148651816140232e-03
6.105726259595173171e-03
4.554540941240184902e-03
-3.491465670711748747e-03
4.985407776971127920e-03
-8.523789788571354414e-03
3.529175280959593979e-03
-4.510721552237232160e-03
1.194638373304175369e-02
6.670504263943342720e-03
6.909499000169197491e-03
-8.170729989170620253e-03
8.658080704587407805e-03
3.238207031039679832e-03
5.908379798455491022e-03
-3.355794737731793674e-03
8.805230708222831770e-03
-3.763898764287652594e-03
3.724009581996486507e-03
3.965621001918140029e-03
6.448180636045366086e-03
1.244386659496327010e-03
3.778937514956909154e-03
5.244399431208645462e-03
4.724055235801784790e-03
-1.175052606107061240e-03
3.082645067421104466e-03
-6.234155342836778402e-04
6.102150765983658208e-03
4.172046274301194173e-03
3.936833110411275434e-03
-6.168028075220936997e-03
5.244386486858004619e-03
1.165069606435042071e-03
-7.407994501657090211e-03
3.761143311913596292e-03
3.594225638344048564e-03
1.879402259952122614e-03
-3.050968686091629946e-03
6.056435196338226697e-03
-6.524036145821274528e-04
2.864362428085989037e-03
8.031851588175023884e-03
-8.906999681119870654e-04
-2.054271387666159032e-03
-1.715971143572034632e-03
5.109006387460914185e-03
5.229555960503128736e-03
1.155529465165030167e-03
4.023950772826314325e-03
3.098315248736216660e-04
6.491651806278165952e-03
2.650493943314097701e-03
7.447166789707365328e-03
-3.418287742634277745e-03
5.766768001214074221e-03
-2.145788569258673222e-03
4.370596999871361951e-03
2.924883583014798306e-04
5.692119660117757156e-03
8.079195994674694126e-03
2.579205108338114734e-03
1.296965612621841461e-03
2.958243052970174845e-03
4.572335122346864698e-03
2.136096930110329122e-03
2.203127779584416156e-03
4.062012367196621786e-04
-2.821235088655636714e-03
-4.796820093981887627e-03
-2.581236798205147152e-03
1.823640151686634081e-04
3.895526516316983375e-03
4.865632891869621501e-03
3.896286082261087372e-03
-1.205698782971558435e-02
1.487278948277843266e-03
2.547919087569354597e-03
7.652082174573322966e-03
2.025484705500363129e-03
5.035969970005199810e-03
2.218168618971015898e-03
4.083716924431568876e-03
1.895190743174473506e-03
1.536771762165525280e-03
1.437134879562882448e-03
-7.088068704023031165e-03
-5.183275245686090604e-03
-5.557791991967340160e-03
6.438989753935877918e-04
1.896134429424404459e-04
1.611012752808011666e-03
5.886971229945885641e-03
-6.023442837893573480e-04
3.930012305583911562e-03
3.953086932592414504e-03
4.847518716293242914e-03
1.405393879448407768e-02
2.024120288654655212e-03
-7.048491950238678153e-03
-7.041225286050491368e-03
-1.899114881097352771e-03
6.183433473110238818e-03
-2.629443666822374199e-03
8.558601754816688636e-04
8.862550752258903028e-03
-4.062608496875814469e-05
7.889850634601774243e-03
3.701308282433576034e-03
-4.271298063650555941e-03
9.809450956787823389e-03
-7.113479335980979826e-03
5.277304319535581177e-03
3.922967188941750777e-04
5.302228631156116062e-03
3.842166394437785976e-03
-1.998832848555118398e-03
3.436208180793329584e-03
3.614490250334381847e-03
-6.840714921621380250e-03
1.695440546600682349e-03
5.111931753989637332e-03
-2.222606179007745493e-03
-1.722241130076308888e-03
1.860563338217678447e-03
-3.536241373463132245e-03
8.784247731057790928e-03
2.804081073128456784e-03
-3.540522141797636507e-03
-5.714781715907589011e-04
4.793678690843884704e-03
3.972369869065761096e-03
2.605246409075667301e-03
1.592413536895860657e-03
3.447660489979716917e-03
4.151087841061304289e-03
-8.192760886721571489e-03
7.155337959563374400e-03
-6.132331017319817869e-03
8.785930749958191857e-03
-2.173341525530635577e-03
-9.713356419732758996e-04
1.123695649828926335e-02
-8.241360258059928987e-03
7.564952614931333939e-03
4.658503286997002155e-03
3.493151150042592395e-03
1.115120117207251110e-03
-4.703716319557142179e-03
7.396553095254645473e-03
2.596023667408075240e-03
-4.082782255612136570e-03
1.122743567699105004e-03
5.473808294319164672e-03
2.890344056242298999e-03
9.636574063940293563e-04
8.235478836079081905e-03
-6.305300891055291845e-04
2.870480018653749892e-03
-4.673490245541062939e-04
3.085346688553465642e-03
-3.281901278381918908e-03
2.860087829441251665e-03
2.409635254491413001e-03
-2.267166435517643363e-03
2.184816585698970675e-03
3.179337110225033056e-03
6.675087501150728242e-03
-2.440916926732943104e-04
3.995403164877062326e-03
-3.732381328328585133e-03
6.187088155501279697e-03
2.182882307185993360e-03
-7.337853994189623506e-04
2.659230166553918501e-04
2.034882599630236533e-03
1.057929171760484469e-02
-6.963664925530195504e-03
1.703415937112596080e-03
3.198995557919796784e-03
4.730914550717090980e-03
-2.512257387302847724e-03
5.384305270880290241e-03
4.366644965292598712e-03
-7.853972215584109021e-04
-4.150521246498424868e-03
3.502222568398747921e-03
-8.413370426206628894e-03
3.515462157994363266e-03
3.649277562785149028e-03
6.128371757572829634e-03
1.010098974801671313e-03
1.240497489873540297e-03
1.158961342110914703e-03
3.056202432988920810e-03
4.030337668646899289e-03
1.461798028634527956e-03
-2.409684017303354974e-03
3.703120872955652058e-03
2.708778526963043307e-03
-4.618483132607283277e-03
6.940987509467384754e-04
7.882813492689667509e-03
3.678195000339994514e-03
2.549612119828613323e-03
3.878114372355117440e-03
-3.984810961305235155e-03
6.600381534757828079e-03
4.582993228414390316e-03
-2.334441847704128714e-03
-8.968269318138655244e-04
3.603518250101407899e-03
-4.117288396059107583e-03
8.305950914276808003e-04
1.720795097136428378e-02
5.677246299175679398e-03
2.024156421762601885e-03
3.484764621261526602e-03
6.377144800784408790e-03
4.182168314888328950e-03
5.864298615485790366e-03
2.616366957392714330e-03
-3.902578203343093962e-03
6.878830611439607119e-03
-1.876175035620246878e-03
-5.563188730934526607e-03
1.184081942071693681e-03
-2.169502087570440718e-03
-1.024683218332712371e-04
-7.970594811577856251e-04
4.538394764761161798e-03
-6.154966350039506491e-03
-1.025326381562603056e-02
-3.135887573757686723e-03
1.537677173754257390e-03
2.314679683111816721e-03
6.482980758599429967e-03
-5.607177875543173200e-03
-7.439527126700814586e-05
2.972119791093324158e-03
-2.019660801107619856e-03
3.008877681280116168e-03
5.797787096749450891e-04
3.289687786751287831e-04
6.637953945201009514e-04
-7.318472901392684797e-03
2.066823195188907322e-03
6.871434550879636227e-03
1.197047939071663658e-03
3.072581082933233208e-03
3.325750655625681713e-04
6.717672808872596560e-03
4.678953206085913544e-03
-4.843569504775769620e-03
5.540710862187513998e-03
1.515319674374555978e-03
-5.139521370672103448e-03
3.777070696260540969e-03
-5.038382264719640409e-03
-1.751303060604905270e-03
-1.442547508030352131e-03
3.736923047482802046e-03
-3.462605475200740846e-03
2.949872655424340320e-03
7.210035007985020686e-03
-2.286776396286851337e-04
4.720173416956056738e-03
-3.064602354871532371e-03
2.328698087607997819e-03
3.564598063774016001e-03
1.024529877939269265e-02
-2.737028954117739967e-03
4.047193850188702462e-04
9.916971846187505601e-04
-2.165227495378735519e-04
-1.268273203137281835e-03
2.453477132376529358e-03
3.017141093208759381e-04
3.442654474645767855e-03
1.450792701850846331e-03
2.896520328608009377e-03
8.795064316442578745e-03
6.348337615020774446e-04
1.095485944311968239e-02
-4.605770150537835152e-04
2.362146157292587673e-03
3.237945348894485671e-04
-4.108591708905117747e-03
-1.547888062971180872e-03
2.138707165091437590e-03
6.795668360979810647e-03
-1.463824489895257028e-03
-5.436545511182342425e-04
-3.111760126913712052e-03
-2.493070453727582857e-03
-3.230825567818328592e-04
8.785772138266256803e-03
2.801918640998457468e-03
4.477708336984383597e-04
3.067718030362459169e-03
7.208207071594701851e-03
4.557556953706551166e-03
2.899250804542525400e-03
-3.747134799020280984e-03
4.464081677003863512e-03
4.126854181088026631e-03
-8.202128723586580889e-05
1.283714277522357127e-03
-2.715548193513738374e-03
1.450515781537446832e-03
-9.376578305077200477e-04
-2.036660972519058373e-03
4.941027643834220058e-03
-2.190921324082305884e-03
-1.264072402596099886e-04
-2.291189929081167802e-03
7.557222963427741823e-03
-3.419191163321667632e-03
-1.607024272489484835e-03
1.029675112313238215e-03
4.889467376672288618e-03
5.058788007965058127e-03
-6.809164782837921585e-03
3.470997546520485956e-03
7.377858344245916654e-03
3.014893472247291662e-04
-3.751557836179730040e-03
1.215013849945423101e-03
-2.942640313029980248e-03
-8.266546085322629004e-05
-1.630541626037703123e-03
-5.098642572976735954e-03
3.921912504258437578e-03
2.393337790887306755e-03
6.358304864624064517e-05
4.710556444393491048e-03
-4.504455984362502191e-03
4.055520161153379662e-03
-4.330720635433699291e-03
5.057195476794094230e-03
2.330881195418694877e-04
-4.306714345065938178e-03
8.105242767359384717e-03
4.840925969124576858e-03
3.596890565656092869e-03
3.717136160727009617e-03
2.308156626381081562e-03
5.810359936057051498e-03
3.615154135830433903e-03
1.876477017140718408e-03
-9.244856697960381411e-03
-2.482935194428913857e-04
2.986983003425243942e-03
2.133855078088701669e-04
-2.136325339781727610e-03
-4.150542539462593640e-03
4.966595069276841939e-03
-2.462533957941550125e-03
3.904285516709956032e-03
6.029328876205005718e-03
-2.919065676375179157e-03
-3.967234150083072636e-04
7.212060502856375852e-04
1.272365367569476937e-03
-1.207060012362349763e-02
-6.114699076055475635e-03
3.616570677507908223e-03
-5.099169950042424689e-03
5.171196823501826058e-03
6.931196194868240179e-03
1.816550916633669901e-03
3.824405416100808228e-03
-1.410417277312864910e-03
-6.069400906562105518e-04
6.414266659043347737e-03
1.043479651595494509e-03
-3.194479718419585175e-03
-7.022099819488085860e-04
4.311053795252211759e-03
8.598722711493837420e-03
-1.745200468442164752e-03
-3.583396269889147466e-03
1.471277800571232572e-03
2.493328113408061538e-03
5.349714987250341579e-03
4.363128580233751642e-03
5.185973196483909843e-03
-6.028558613794035397e-03
2.253215636282440617e-03
-3.823459847827601066e-03
-1.210937992034183354e-03
4.526312391065435460e-03
-1.018555059393661845e-03
-1.315144165571845158e-03
-1.414778208557713633e-03
-2.857206160377012607e-04
-4.397034255773777018e-04
1.265051188143833955e-03
-1.810802883038275558e-03
5.510739779892813266e-03
1.948714167270920034e-03
4.231073933725779113e-03
4.383719774428056735e-03
1.318713866736513727e-03
3.234254590786727907e-03
9.646749092609086668e-03
2.339767473246941176e-03
4.247860627810824165e-03
2.491959316974529277e-03
3.504974994974010844e-03
2.950832486236512446e-03
-3.841734055416271693e-03
-4.530241546941564043e-03
-5.206289438536787842e-03
-2.456960115700584750e-03
2.709832808200317560e-03
-2.245548900023936444e-03
6.548342916385127034e-03
4.350733005023535264e-03
-2.628246101841037654e-03
-2.918559499118589598e-04
-2.513954934306912754e-03
2.842130652849735213e-03
1.664705580081134433e-03
1.607587928257196101e-03
4.793941107368964436e-04
4.488220810163675092e-03
-3.185032212865882440e-03
-1.845721446177289867e-04
2.862322792776202801e-03
-1.535633291998410267e-03
-3.873854876185465687e-03
3.760311366653749585e-03
1.063821240067297676e-02
1.176915789536282959e-02
5.223551702269536683e-03
4.007735121597628784e-03
1.524882428915790011e-03
-1.309169915591020428e-04
2.670521842399347680e-03
5.422116656788801559e-03
1.279575875442367063e-03
8.188707918202064659e-03
6.486429803466144464e-03
1.720413683466656598e-03
1.000753530969673497e-02
7.939261855728130257e-03
9.573159284191926424e-03
8.971591278980287770e-03
-3.075334221298103854e-03
-6.351881682280582052e-03
-3.611003056227589207e-03
4.638379973102486377e-03
-6.657382622097285027e-03
-6.132698244952560634e-03
1.771274527574278517e-03
8.021953130819018882e-03
-2.918916078368721367e-03
-1.592595940910394555e-03
1.469925435152755156e-03
1.879168416223172969e-03
-3.055241159341625496e-04
4.724395529434535432e-03
4.398544150918265623e-03
-1.470765278086968780e-03
2.825480128869505784e-03
-9.558757302759009894e-03
4.662552716596241910e-03
-7.102801593662980487e-03
3.688307859944498033e-03
-6.444914457828574902e-03
1.133783553458112860e-03
1.992232738862516339e-03
6.851595298398771225e-03
-8.063909440440887068e-04
8.523647539108534371e-04
4.945594736475517061e-03
-7.158800939930399891e-03
1.937769503587232021e-03
6.258065968106268050e-03
5.819997153424578962e-03
-6.890749290806881013e-03
1.453604072670629764e-03
1.555325304564138863e-03
-7.380908513806260819e-03
3.537048235909391082e-03
1.091369306584341050e-03
-6.894971975936595165e-03
3.989658062509711910e-03
-1.567219524289660418e-03
1.004728117587378074e-03
2.818182122140665009e-03
3.649437964877940734e-03
4.999721478181980497e-03
2.439995216459945378e-03
-2.884822698666249415e-03
1.493806315292560589e-03
1.028394400737980309e-03
8.110657459321350985e-04
5.334168437669668979e-03
7.156778378309715943e-03
-3.252874261188911861e-03
2.993735845897264099e-03
-3.432814584523597237e-03
-5.948263389085105789e-03
7.194404676059688863e-03
-2.307617103566995780e-03
9.068774601384482076e-03
-5.425058458578476371e-03
4.272338385128417529e-03
6.026646885749840747e-03
5.883419406155436515e-03
-5.192451918281623321e-03
8.675371164521347364e-03
6.351883585856552732e-04
9.802664201694988397e-05
-3.366127325210513908e-03
-2.977501720958557630e-03
1.772057498362748914e-03
7.863949486269427788e-03
4.902612602545516722e-03
3.579524990051325805e-03
-5.863903198885373619e-03
5.210241156497641239e-03
8.861829494591440606e-03
4.085691182558318958e-03
2.270261216383203003e-03
-5.088138076289465926e-03
8.646654128411149481e-05
9.816888317390008983e-04
4.742784734543346176e-03
3.091491925755888645e-03
5.644884657912038186e-04
1.869093586056104960e-03
7.194364579988435718e-03
-4.321584781848750514e-03
8.897078843471537728e-04
-6.987990244835132550e-04
-1.218529826178721886e-03
-1.086709636046568001e-03
5.750669146066105311e-03
8.075757635524554237e-03
-4.693871312036255843e-03
-6.390972540898830039e-03
-1.335571607379788198e-03
-1.416038417080888161e-03
1.773453364738049797e-03
3.009725212856737431e-03
-3.049042296613048864e-03
6.456941065956318428e-03
-4.290110267846388922e-03
-1.325277112825042200e-03
-6.811091743387818554e-05
1.980848653649508549e-03
-2.989924650698912346e-05
2.374187707331330485e-03
3.309862136935658346e-03
5.362186489692195336e-03
4.268384687632652275e-03
-1.624009304458180281e-03
7.539989415016511154e-03
5.639408974365716851e-03
-1.314108591435956663e-03
-2.044369067958835048e-03
-7.717535472029975196e-03
2.491380788680515931e-03
2.061708330588293055e-03
-1.132982316027831117e-03
-4.989747816106347321e-04
5.439971499514399504e-03
2.117197165034951766e-04
-3.532825041920770529e-03
-2.915808031393465286e-03
-5.093425329683985356e-03
6.233689004458004002e-04
2.867834308763804116e-03
2.367917153507778736e-03
8.373105348427511280e-03
5.654315991780341916e-03
3.475511303182919013e-03
-1.184699685994892613e-03
-1.779789619362259279e-04
-1.343895889114068726e-03
1.402390981449394081e-03
3.315108939336181850e-04
-2.907439055042115882e-04
-8.369147079942181738e-03
1.373255800105862082e-03
-6.556618562937251669e-03
1.627914672510466856e-03
1.464103193422729892e-03
2.395240021792013809e-03
-2.379382666290257974e-03
-3.929871927425882330e-03
-4.729926296880907627e-03
1.900773051325703586e-03
6.108087478371268704e-04
-4.287561051852508895e-03
8.322353546793042484e-03
-5.927437293283736950e-04
9.360547390767783677e-04
-4.893821323521006447e-03
-8.408296063592276409e-03
1.431591871089933762e-03
3.406120462045431323e-03
1.493469312237367778e-03
6.754560726700142501e-03
-2.955312267026001332e-04
1.771783155115794640e-03
-4.691222995986082771e-03
-2.306837254926384639e-03
-4.911368013692565468e-03
-1.356592867215576474e-03
3.654637841489438970e-03
1.380717208928507536e-02
-1.406654590872907480e-03
4.746421852195653254e-03
1.145749821283819758e-03
2.592228514762889239e-03
-1.164280165685616661e-03
8.590665962977311540e-03
5.428692990285400276e-03
-7.132649779116077664e-03
2.087942840973007995e-03
4.055777747919597775e-03
1.721708652095332555e-03
6.051896401002899474e-03
-2.375121886435100672e-03
4.396975673651499182e-03
7.665588108309371977e-03
2.463590504350232462e-03
2.437728093625712768e-04
-6.490821047911087775e-04
5.228526041608759674e-03
-1.081302916980202838e-03
2.144886680887799629e-03
4.317796797229787008e-03
4.735166538964209054e-03
4.092640933520605255e-03
-1.408662090732361706e-03
3.493500773427381245e-03
4.457908317010612215e-03
7.650204196897549339e-03
1.845931182153874974e-03
7.919491204384170036e-03
1.007024450919511826e-03
3.042526390717500279e-03
5.585128153857396409e-03
-2.541450957541832069e-03
-4.100842995642830710e-03
6.549290593136235586e-03
-3.087749050435705835e-03
1.943414932310415797e-03
3.818827699770588379e-04
2.880703266150245155e-03
-1.649484813214813087e-03
-4.228954069249799518e-03
-1.327369246988271967e-03
-5.322245637696333860e-03
5.462895884890512158e-03
5.076625005083499134e-03
7.177205650667795554e-03
9.727949709305834611e-04
5.400110825906391521e-04
3.900416948668097503e-03
9.933716989833616534e-03
5.823224718752861157e-03
1.959038553888132160e-03
4.742118499900129999e-03
-5.413487084379340567e-04
3.002764778840899974e-03
1.015434055034231814e-02
3.281666219812568244e-03
7.377577601260144717e-03
6.550278845267690567e-03
1.059584964795245825e-02
4.704961059901314503e-03
6.517105023853356389e-03
-4.046992656623017368e-03
3.641515084974362298e-03
-1.133763192495155538e-03
2.548558769092062418e-03
4.020180853481245681e-03
2.239137743501220211e-03
-1.828092670199963797e-03
-2.076651940576727286e-03
4.221602665673983464e-03
9.232368768233606849e-04
6.805667626031785926e-04
9.636653824760758186e-04
4.555741560038223566e-03
-1.759076628625256059e-03
-8.718059790260909020e-03
-2.544062866151410723e-03
4.724652944717825861e-03
6.090880841996255610e-03
8.236591360483946217e-03
-6.419065481522380837e-03
-2.802536399204325415e-03
-3.231389116115245767e-03
-1.527461962406277966e-04
-5.740527326108876708e-04
-2.076744569057596343e-03
-2.010409227389968294e-03
5.827570963407370172e-03
4.060435738490454811e-03
-5.134407970386644857e-03
-6.075628659730301223e-03
5.963164548462185355e-03
1.817971195167609761e-03
1.326232846766762499e-03
4.829791399511079546e-03
-1.549621108907635672e-03
-7.911121840581123495e-04
-2.397872815554643461e-03
1.051117365411485816e-02
-2.173945274459060693e-06
-3.859528188539176115e-03
5.768628529406664811e-03
8.669939186760832698e-04
-9.927737279261613680e-04
-7.227030492979909237e-04
1.001786547127650646e-03
6.476778750420904979e-03
2.351670344482980485e-03
4.170322849151697486e-03
-8.677058044262818534e-04
-3.068970914181150342e-03
-9.294911976580439231e-03
6.269077004743272034e-04
-8.939730740251164952e-04
5.011662011401859552e-03
-1.118024397791644718e-04
-7.000188396627297048e-04
3.401454993602691379e-03
8.633390311231996890e-04
2.421680530393264738e-03
6.588252274776312117e-03
-9.539385826185196047e-04
-5.287815102059499270e-03
5.647755576718056954e-03
2.019529645126827769e-03
5.943193471713248584e-03
-1.882591805503033497e-03
3.366297245100916425e-04
-2.771634826120074075e-03
3.546812013790450000e-03
5.246792650149647783e-03
3.238471368335969075e-03
-5.850657041604414785e-03
2.184321162981904801e-03
-3.639786644523560822e-04
-6.751983078036078931e-03
3.370575033026196148e-03
-7.013686539938435854e-03
9.467865686837925732e-03
-5.296393892865390281e-04
-3.094044068021208245e-03
5.703757699259576729e-03
-1.154725385342466161e-03
8.558475624336752286e-04
1.354217083187178724e-03
-2.819016428856372866e-03
-2.648361065460574145e-03
1.376000086748209146e-03
-6.014544899656222056e-03
1.777340367455369167e-03
-3.007837210919614207e-04
-1.733773654000396024e-03
-6.034178134413992808e-04
7.608557964562870715e-03
6.113675830384055626e-03
6.148015453790458228e-05
6.663562573760359146e-03
6.438097791259360381e-03
4.333983324982575375e-04
1.665619962848317480e-03
-2.195959332811762022e-03
6.153101684792619541e-03
2.913225131158534743e-03
1.200373195414286207e-02
2.143311523692548702e-03
1.169085577890776511e-03
-6.898913273882706018e-03
-3.636981651197287568e-03
-2.415231956590753980e-03
4.676792120536361202e-03
-1.939208207863232910e-03
5.304173842488834473e-03
3.758948891492442171e-03
-1.233625914645118237e-03
4.317382781985817930e-03
-3.603886652921537304e-03
1.139314114215475831e-03
4.747114635473906330e-03
6.899954167424587892e-04
1.056530544111066068e-02
-3.164182640204698041e-03
2.801072913239321342e-03
6.548568828497212946e-03
5.818642086778417523e-03
4.724456486298579672e-03
1.957241111312313289e-03
-6.042017287765024270e-04
1.934345876970663047e-03
1.265252649700479744e-03
1.444415203701486777e-03
2.451346655506751065e-04
2.300067047666478227e-03
-2.196321734198963121e-03
5.739190855540734527e-03
2.976748120517057686e-03
6.103782061235524768e-03
-7.397138335335461806e-03
9.443754912104912816e-03
1.072277647381690308e-03
2.507464396046412726e-03
3.906882121536266704e-03
3.530885442542238632e-03
8.262832247189700252e-04
2.370838136442318059e-03
-1.101813914632942615e-03
2.831114309524768906e-04
4.130840689078800303e-03
-3.381733805999321153e-03
1.183236374673045030e-03
-5.667030209506817261e-04
-1.381524004078812885e-03
1.362117360292814175e-02
3.027889628793117589e-03
6.932541898808366673e-03
4.729236520182228398e-03
-2.140659804606004270e-03
5.137171892038675837e-03
-1.152607650877813823e-03
5.419210209024852808e-03
4.990596663320863435e-03
-1.977403406821174811e-03
7.101480044219130386e-03
9.740301212062370739e-04
2.587095003626844244e-03
2.504615355478263545e-03
-7.164876526913749322e-03
2.296360033902836162e-03
-1.287990157882261009e-03
-1.338499613038336179e-03
-5.898655813969890666e-03
2.019159436519906998e-03
5.734761971561141113e-03
3.087097889721756249e-04
1.756061575064309273e-03
6.898478029941057217e-04
-2.039515030656875900e-03
-1.289286314510247112e-04
7.647670655280564694e-04
1.398876440488938146e-03
4.338159749177721881e-03
-8.499485092537209865e-03
-3.656327602380671834e-03
3.260721523312388494e-03
-3.028926231708172758e-04
-5.874043164866157851e-03
7.919883491174891516e-03
-2.090050566048724367e-03
1.072706650729016858e-02
-5.308538663169334350e-03
2.198388433809172950e-03
3.848717368105464276e-03
6.168131375660807457e-03
3.088408383547767283e-03
-1.351617241987453782e-03
4.778853337236948010e-03
-9.604135874999890007e-04
-3.139647272832981110e-04
1.095025629931387990e-03
-7.816371929505945863e-04
-9.908496690347191882e-03
-3.530506803995092820e-03
4.531846240872226643e-03
6.364582013421140640e-03
6.401028036099012247e-03
-3.868358059599343490e-04
8.690455662785602151e-03
6.396555596004431521e-03
7.473141138155062896e-03
4.384912590219753638e-03
-4.185488057396072499e-03
6.645633874965690795e-03
-2.753385804509085773e-03
-2.681463978478129066e-03
3.960374001938535499e-04
1.236710334995705460e-03
-7.447120462739461114e-03
6.837641871373104085e-03
-2.083146252610736278e-03
4.857901352113123977e-05
5.628098907735047066e-04
4.952389037990233972e-03
-6.867901614154859821e-03
1.789268389405981961e-03
7.488962202884176522e-03
-2.470097115347623471e-03
1.516743005056872757e-03
6.064926955204752316e-04
3.433969971792880799e-03
-5.961938438947365394e-03
4.009570944255420877e-03
-2.547152949058031392e-03
-1.200043411233834992e-03
3.077759232834537464e-03
4.439541641488204543e-03
-8.558724778140824538e-03
5.827407573167470677e-03
-3.566350637264107185e-03
-6.099766296353252440e-04
-1.506496514044196929e-03
1.939710505359089517e-03
-3.044967968847343918e-03
3.746944999109646894e-04
8.058510557409340538e-03
6.455158897366936738e-03
2.388047434584166309e-03
-1.135212066347400040e-03
9.874229106193166666e-04
-6.563145745663851024e-04
1.588762818326759510e-03
7.380695395606441320e-03
-1.508792958747410141e-03
3.818991932015789077e-03
5.587690396895244292e-03
1.145820295527734053e-02
-1.841977359656403251e-03
4.305338641330680102e-03
3.372633798870253250e-03
1.285238043244671430e-05
2.329811192622747822e-03
5.620218685576430437e-03
-2.876547655388623712e-03
3.821448850717857997e-03
7.177829114186661582e-04
2.355054175690901586e-03
9.854736353362474055e-03
7.414845538951123950e-03
-2.722456367990588790e-03
-2.335203191233392074e-03
-5.378778014128795214e-03
4.966544447382927399e-03
1.642056982974429095e-03
-1.718278008325253414e-03
-2.372053175699797862e-03
3.221125519740723579e-03
-7.934304615775337067e-04
9.860679137811848103e-04
4.902558459807077398e-03
-1.559506924547514068e-03
4.230617280579472735e-03
1.504549372849432092e-03
3.177894679999867730e-03
-6.057379136560814628e-03
-2.352029183616302557e-03
3.008741574677761214e-03
-1.750275408621720583e-03
4.654869581387806668e-03
7.426756570710204425e-03
-3.114855395618166298e-04
5.092124197130769997e-03
1.054245557773038572e-03
-4.461226949322626145e-03
2.946168189454161871e-03
4.723406512294658390e-03
-4.755763024090638429e-05
-9.138953800774071191e-04
1.087379486502674381e-03
-1.830136516251347012e-03
9.277877747483728905e-04
-7.677685381530710952e-04
1.252186262108420005e-03
2.938424852357820419e-03
4.437167923423487523e-03
7.169818480762219642e-03
3.236798052699183057e-03
2.343074952440699337e-03
-9.073297472021671015e-03
-5.063524900579635625e-04
4.450125369337501642e-03
-3.173965775912449255e-03
2.495151761355394234e-03
6.835981488615842754e-03
-3.355761286557796663e-03
-3.253079962767295875e-03
1.009546314524136824e-03
2.768445276732279040e-03
-3.928026342225080132e-03
1.671236171819236345e-03
-4.365517105825241113e-03
7.743416846046499930e-04
6.475194801246107745e-03
7.577012691007438058e-03
3.146436917865396820e-03
3.816311450566573383e-03
6.008158138281627023e-03
6.407688997687602597e-03
2.984213725654915272e-04
-1.310400379309820075e-03
3.731325370294241196e-03
8.264699756097549071e-04
8.229502083840612922e-03
-2.450423047477863405e-03
5.341644218282462844e-03
3.400197884616225526e-03
6.313350974862961748e-04
-1.954889505765133786e-03
-1.883736081671004599e-03
1.043532285084386099e-02
-1.050400958519990538e-03
-5.732788383518258764e-03
-3.718420706113999795e-03
-2.475216911945632425e-03
-2.132777722984504926e-03
3.122055504694225530e-03
2.340616350289240980e-03
-3.694289789557107968e-03
6.883720337080069009e-03
-2.675130534581044751e-03
-4.263355645926755581e-03
-2.928686864412472380e-03
2.675226980097963458e-03
-3.045761460767446461e-04
6.861051677656581846e-03
6.142625262472329976e-03
1.626449740592354884e-03
5.480666122603481544e-03
6.327577626623625846e-04
5.271091957988974924e-03
-2.056502073484623317e-03
-4.547586481729701431e-03
1.643951074550996285e-03
2.536075580589048674e-03
5.856892188451174631e-03
-3.848922858926003519e-04
-2.729586610297965368e-03
3.694985964457074123e-03
-1.268242982711809434e-03
9.177891737444829681e-03
7.324736097025428801e-04
2.344708987800579649e-03
7.671436624832474183e-03
-9.590320597375944986e-03
-1.130525497446992732e-03
-2.509493434043861410e-03
3.268846450355058966e-03
3.762286491536055016e-03
-1.044527879512146444e-03
1.618919733034054594e-03
6.576045150988525483e-03
-6.976510881875567366e-03
1.754637922282774104e-03
3.507097481088119247e-03
-2.452750110378046182e-03
1.061078064023845057e-03
3.347783095670080807e-03
3.772568442613970230e-03
5.782706474939769241e-04
-5.280022904854006494e-03
3.323342993362544961e-03
-8.649643970601451903e-03
-1.443066978833814143e-03
-1.156292367156830066e-03
2.359505458955148214e-03
2.560758694022382750e-03
2.092453900405888065e-03
-1.698591958906533984e-03
1.032188940065156477e-02
-1.657102078042931633e-03
1.083824147770453151e-03
3.954533071215564355e-03
3.892356186449427106e-03
-5.104421233117350121e-04
5.667003055338035687e-03
6.416671338232170230e-03
3.189090158242661923e-03
6.894984454059273522e-03
6.998255410105510416e-03
7.508384012767505260e-04
1.037583377720929095e-03
2.581366894450968889e-03
2.417201344928103339e-03
1.246918660521884655e-03
-5.204407898603893856e-03
3.214519673075202227e-03
3.758895307774148126e-03
-6.290493761386524441e-03
-5.868348997753660735e-03
3.079943455045899749e-03
1.386378677696392669e-03
-8.008019191084887181e-04
4.751798536371437502e-03
-3.018915346721873921e-03
-7.824896124432051056e-03
2.496505867457054313e-04
6.304685495760394519e-03
2.315469140072397812e-03
5.472866342293222254e-03
2.004791075316512267e-03
-3.153680857610071785e-03
-2.748592078622968385e-04
4.352027264156932478e-05
5.626441282859492160e-03
5.358536798956752868e-03
7.542102092365303087e-03
8.491813758411575694e-03
6.261271051343906234e-03
2.878579899211199892e-03
-1.180214317295785091e-03
4.568396465586617612e-04
-4.276334927323954295e-03
6.379831914049535584e-03
1.699526806538902320e-03
2.297011713519551881e-03
5.009133879236537558e-03
-4.285751340458920575e-03
-4.152234613618573794e-03
1.311967738530596525e-03
9.444812967254894581e-03
-1.261884192385513562e-03
1.098450771403017365e-03
1.267866401836728477e-03
-3.299810999163620574e-03
1.271497022343871450e-03
-2.329591389734171798e-03
-8.825022986581829978e-04
3.032743076411204258e-03
2.936082513296408431e-03
5.253484097323135333e-04
4.001273180304986722e-03
-2.952649985275336043e-04
1.945063080470695559e-03
6.924863132912728418e-03
6.552235977341809700e-04
-2.407322701091919263e-03
7.774888506202633394e-03
6.683962057108344852e-03
-1.925859881765270968e-04
9.266550858663617773e-03
-2.699212458400363553e-03
2.632900289875505194e-03
-5.877775846877444487e-04
-2.141196831244755261e-04
-1.606399421491844248e-04
-6.792725510543019861e-04
5.671347273822715564e-03
-3.690782204377079587e-03
7.595366343824313735e-03
1.131160057734386043e-03
7.893949962632316672e-03
8.584667436554119658e-05
-2.533320849444289577e-03
3.943096426045951224e-03
-1.576604371582060156e-03
-6.781520123184398528e-03
-8.865252724710143140e-03
-2.510391644883969630e-04
5.353509165992636522e-03
2.870461636747483232e-03
5.312960846677654454e-03
3.297861716047053270e-03
-6.562574558205584241e-04
-5.198641297068531605e-03
4.726102251580348822e-03
4.213694851027465979e-03
7.230968266372554167e-03
-1.998725193609823890e-04
-1.324900312132126085e-03
-9.260559163815660494e-03
9.747170809626058349e-03
9.040176843179027061e-03
6.073751375986916144e-04
1.279906473413106168e-03
5.116100974187702376e-05
6.311112562431756348e-03
6.721839571782104155e-04
7.633055282312299974e-03
9.178576183960332783e-04
2.000088704865738386e-03
-3.830852048629748274e-03
-9.221108672760430747e-05
9.688758432729381413e-04
4.614281362709873879e-03
5.054853682295233326e-04
-1.460380309092395830e-03
3.954283735939450282e-03
9.589718440844751876e-03
7.448827836250512292e-03
4.317582743851999458e-03
6.517545885229182948e-03
5.200726375871050780e-04
1.886510913127777264e-03
-1.482833369997617421e-03
-1.990194451732295051e-03
-8.703914314019349898e-04
2.914111665411223562e-03
-7.307540307491542167e-03
7.818770160877073008e-03
1.294638708439502239e-03
5.586676341509438405e-03
1.424326563859804832e-03
3.171894518702408905e-03
1.264408569049938619e-02
3.469369190595580042e-03
-2.242952845247718485e-03
3.720792136926952959e-03
-2.957262287446814179e-03
2.558808174498186389e-03
-1.645560424768518874e-03
-9.018641313634319021e-04
-3.724728742536057556e-04
3.857330633135942505e-03
-2.573812717274431665e-03
-8.900602048702929356e-03
-8.086940792648312365e-04
2.539806814741002883e-03
6.092834444254764149e-03
3.126634581440505215e-03
1.410612761316234554e-03
2.177220466246599165e-03
-1.906537015160561640e-03
-1.161812907247411063e-04
-2.509410158635713619e-03
4.797175219070145581e-03
1.053192782125419438e-03
6.726265056127622016e-03
6.362313397560341068e-03
-3.693972042319282854e-04
-4.510275450603042947e-04
3.742886216545968179e-03
8.173710255233307409e-03
8.484871702460560590e-04
5.817892167187129447e-04
3.162670285253563196e-03
1.956823706061242788e-03
-1.075426585440327496e-03
-3.386953366164245464e-03
7.018985859009513849e-03
6.875236134146211348e-03
-2.441797056963124646e-03
1.223713545828667175e-03
2.598200000441674203e-03
1.968036552553810263e-03
2.929877394406980601e-03
1.185769033150317706e-03
4.904779382316793411e-03
3.310123933926000222e-03
-2.021134733738215970e-03
3.352803300951728502e-03
3.420736022194543688e-03
9.606792948453699976e-04
6.833118557857306360e-03
5.633044833290624248e-03
-6.504067829160502072e-03
4.235179699265579842e-03
2.738835137022348990e-03
-2.277649892480432085e-03
6.887955682480229741e-03
3.825498001529966784e-03
9.486254361927336579e-03
3.375076331487471878e-03
-3.174351977451922522e-03
5.912070808614934732e-03
7.399344081835704419e-03
8.993479371346061292e-04
-1.539772574550572933e-02
1.334026204055135728e-03
6.891396090428803271e-04
3.508924014058144043e-03
-3.123046726829548352e-03
-1.102006964112566033e-03
-4.847550963475867614e-03
1.996734668517571171e-03
-1.736515899651293023e-04
6.184443248651175576e-03
-3.498629647416284815e-04
-5.593921117598800235e-04
8.162529218424124239e-03
1.404276244499310647e-03
3.522370806122399230e-03
4.317421496395421401e-03
-3.154405874727768400e-03
-3.326161548410516873e-03
-3.118985922950703177e-03
-5.502759769722391156e-03
-1.881776519210145993e-02
9.174455442190079888e-04
-1.531737395767448573e-03
3.137557263060855237e-03
4.883110147916719206e-03
1.800954415603807672e-03
1.044726464998805464e-03
-9.272840634339529764e-03
-3.862908076785739192e-03
-2.254486517843090447e-03
-8.228623121787313754e-04
6.682078501640579052e-03
4.936726673503151475e-03
-6.072955415374354377e-03
1.549997154372159593e-03
1.801367186368693380e-03
1.413240122635639777e-03
-1.228861788700309581e-04
5.065687558021707976e-03
1.045336506394589811e-02
-1.229407752655335912e-03
8.908747221627467960e-03
-4.731207105421192036e-03
1.020785956507419892e-02
-2.749502989518791147e-03
-4.836887054200196740e-04
5.817150700703977578e-03
6.306289006463738044e-03
-2.147181718354850173e-03
2.039296156256403987e-03
-2.396010305816053537e-03
-2.121990107886060142e-03
5.123211415245698848e-03
2.570425575936267741e-03
1.150185256885409568e-02
2.732033689141317935e-04
2.781125057891303690e-04
4.309631262848147293e-03
-1.121159089410795826e-02
5.125689104608192014e-03
4.077035870080208957e-03
-3.849098641690518879e-03
-3.720875926717239846e-04
2.842476724165342306e-03
-2.073866653749102326e-03
-1.646702379078682612e-03
7.301107363092176374e-03
-2.483355453932519635e-04
4.877271478121644570e-03
8.517940720285346878e-03
5.404677469299256666e-03
-5.161269924649555287e-03
1.088053160475752545e-03
7.517610490088315941e-04
-9.076595925333492141e-04
3.417422499853747190e-03
4.253550637086128683e-03
-5.391345110740529021e-04
1.741276345618200661e-03
-3.741257524907851996e-03
7.364649108895901866e-03
8.023816025657272769e-03
5.679119090950679981e-03
4.588637471742444164e-03
5.727965285062862431e-04
-1.706588380940556385e-02
4.045607889044464459e-03
2.301714216389235800e-03
5.176432573333750176e-03
8.628623694463757529e-03
-1.705323836442323082e-03
3.217096654817301095e-03
9.428108897457924964e-03
2.627672744130323500e-03
-8.416229668047666562e-04
-3.878912408223729111e-03
7.510549666762068345e-03
-4.339377875197956806e-03
5.517549048826934747e-03
-1.426990959596971704e-02
2.048252919944506774e-04
-2.894678409418985614e-03
5.647684146002323116e-03
5.154302453414394067e-03
4.706745768809680874e-03
3.902705236393468839e-03
-1.641191662158224696e-03
4.451783297485042631e-03
9.012146247173702038e-03
1.388826934017736367e-02
2.106461872330863804e-03
5.319820813183382888e-03
1.043284081008619829e-02
-2.494055258913889257e-03
8.956272009754337460e-03
3.073139679498021557e-03
8.319331319383938689e-03
7.873951908015429033e-03
6.985913078223275792e-03
3.082450252721510311e-04
-3.364752884630974744e-03
1.031472857431778431e-03
-5.677522508826314367e-04
1.100261168788867596e-03
-3.700452084948790206e-05
4.273329809122700454e-03
4.876827792717720704e-03
-6.393668981584906159e-03
3.747214482597060851e-03
-2.652274193327756619e-03
6.953217828738138262e-03
-2.119392119784520735e-03
-5.055824863440644933e-03
-1.283513844039905691e-03
5.374239566840558271e-03
-8.599708547978326088e-04
1.662538681193416207e-03
-4.854014901314152681e-04
1.361002630342690849e-03
-9.888490939354253884e-04
5.211445551917608283e-03
7.400014640500066077e-03
6.617002285123178840e-03
-2.988850683557924600e-03
4.987615439239457236e-03
7.893740716100973226e-04
6.425194016293517274e-03
-1.629413318486370868e-03
-4.891820925105227515e-03
7.877774419827534430e-03
-6.604321089239228657e-03
-9.747919840727868254e-03
9.425964452456476149e-04
-3.987535657795425285e-03
-8.103311193292415254e-03
1.679437952939788264e-03
5.514788904158401429e-03
-2.583157401892265548e-03
8.278878462340143532e-03
-2.562043759718734930e-03
7.972130230637005169e-03
6.537826729742928465e-03
-2.196384324727651896e-03
4.357492005934831755e-03
8.116395160010953262e-04
4.531823309829857011e-03
9.921345259841071653e-04
4.482628670015992994e-03
7.115574165637974201e-03
1.169563873736899004e-03
5.753144574579277352e-03
6.321309671488564187e-03
7.563237297753173244e-03
8.655039470735887558e-03
1.768682891234834567e-03
4.949716654316545228e-03
7.684057394819710125e-03
3.519721096299280576e-03
-1.347264329697022160e-04
2.732315934274092903e-03
3.635253704062735378e-03
-4.965334980075167791e-03
2.154288880269431428e-03
3.719344057813424483e-03
2.250481706107388628e-03
5.761326549409499223e-04
-2.305962859101523370e-04
2.168706774867927480e-03
-5.936538397710342842e-03
2.581436965888206109e-03
8.581832844243372435e-03
-1.432776348632461196e-03
1.879570757459539431e-03
5.008230120595747598e-03
2.024162716290654805e-04
2.943276506877262264e-03
1.083760163698063153e-03
-3.300132049289659052e-03
-1.834353032058704371e-03
7.494851692439408186e-03
-2.401197485023319131e-03
-4.759408326360920621e-03
8.533063947439309752e-03
5.201418093033679038e-03
4.729020219085690140e-03
2.243047184125782946e-03
2.769246244147867669e-03
-1.078575358797256335e-02
-2.133505486150333481e-03
-2.464457273130525334e-03
-6.150982346774990818e-03
-5.594254569290923323e-03
1.300014697186416615e-02
-4.731632804656321113e-03
3.195676358793191930e-03
-1.738090740390879109e-03
-6.854943767063205115e-03
4.279087419300031322e-03
7.831515349887775701e-03
5.090529938988425963e-03
1.049127308902348017e-02
-3.036642953948499608e-03
7.461541081594140002e-04
-3.759506198638589650e-03
-3.312885482211551727e-03
2.117228444817155844e-03
2.180543368563041696e-03
-8.538708839034599282e-04
-1.572615458187859045e-03
2.065488444492734593e-03
1.627514433962090048e-03
7.457290203757784182e-04
2.031047001650565769e-03
3.486057997541590001e-03
7.140640175841135237e-03
-6.591928218492758111e-03
-5.510183394195912986e-04
1.863523816401699241e-03
5.015208230886848868e-03
1.837920705869601967e-03
2.301823637469447605e-03
1.000532307242752925e-02
1.287544522759244241e-02
-2.031145766545885620e-04
3.258532630732139876e-03
2.029654868908776187e-03
-2.775569944804831025e-03
2.334239712395458268e-03
-3.290494621349790341e-03
-2.450512544905540571e-03
4.861545093258024669e-03
1.208313194498616266e-02
-8.803092773962978984e-03
-7.498445773242736617e-03
5.092016738210177439e-03
-2.559147328890080432e-03
9.774563806889570786e-03
9.215472542818131316e-03
5.353355348857114816e-03
8.263989927790775861e-03
-8.455639703873582720e-04
-4.891307778305971875e-03
2.059918656211738586e-03
2.069589368073009288e-03
6.006332628210134597e-03
4.044867686290462561e-03
2.084979352007398749e-03
-5.359298777393116647e-04
-5.681262655630489426e-03
3.105861547240864728e-03
3.480838066741790901e-03
6.542017792306562170e-03
1.504329837499098930e-03
-4.906848640368638437e-03
1.710598193841661929e-03
-8.386936866949870617e-04
1.004749911782082221e-02
2.404324102457771652e-03
5.787060506323319980e-04
-5.297501538758212121e-03
-7.576346145769315317e-03
-4.090906697956372441e-03
6.844339746131811999e-04
2.668909230791015872e-04
9.064734608665240678e-04
5.291723078166840101e-03
-5.252460194881000905e-04
1.108118291658605312e-04
7.132338959530387656e-03
-4.238655609676817738e-03
-2.114978790710758151e-03
-7.287171565819696058e-03
1.976986220439439727e-03
5.120602625587953108e-03
5.548027902680720616e-03
9.611866340599691839e-04
-6.099660044284634357e-04
-4.477081462009194733e-03
6.226063964548735584e-03
4.981374298285289916e-03
-5.130486828324355578e-04
-3.136680274245803347e-03
1.227068560639855066e-03
-8.173557948719807056e-05
2.504287259532147949e-03
6.035603919687080460e-03
3.368747254249387663e-03
3.127540145091269996e-03
8.291673474656586877e-04
2.885414700504047771e-03
3.450656364667139663e-03
1.323519869022378361e-03
-6.542690799330853554e-03
6.206143121007673402e-04
-6.633429443635964484e-03
-8.911102682413232431e-03
2.250849284636460314e-03
-4.730513170328344737e-03
-1.230576123026113754e-03
-4.887303990364657430e-03
4.904348270006155452e-04
1.028290924025531718e-02
-5.066032158428004917e-03
5.998225035356023055e-03
-8.841868535918767820e-04
-1.204002946295132121e-03
4.886177231677738854e-03
1.926577739090729708e-04
5.729257886322630493e-03
1.095122957367959454e-03
4.794178181263461340e-03
9.074036956987070052e-03
1.180531412228206936e-03
1.670729158582200027e-03
-1.951291845575055684e-03
-7.179848922334814386e-03
-7.564434394120462916e-03
7.954477245853757220e-03
-5.192324518947134294e-03
6.411819304048959212e-04
1.434433193808695804e-03
7.605220279098437279e-03
9.134749234709962570e-03
4.157994606056103666e-03
1.302899432678513998e-04
6.043061572342863820e-03
2.212468525999810535e-03
8.210319869442804855e-04
4.040772778759321986e-04
-2.411485453031084972e-03
4.848365388929307476e-03
1.700723581138124290e-04
3.481982535560093021e-03
-1.119276526372646664e-04
-1.312326537771438002e-03
4.994727693332508235e-05
-3.363782503439763025e-03
-2.268133432013836248e-04
7.275486543152580483e-03
-1.188638483089600332e-03
-7.478975337062995256e-03
-1.498094390292993669e-04
7.061321881386765399e-03
1.511879961103415647e-03
-2.691453537374079489e-04
-1.077953675346956207e-02
9.742207905226181464e-03
4.209838906030621657e-03
4.806531839275221540e-03
1.309349695285417798e-03
-3.510943831939095615e-03
-3.447117521653329884e-03
2.363153755354934632e-03
-5.193915573520710861e-04
4.787519947055094999e-04
1.973623225863445005e-03
7.664369552213085024e-03
8.272842380365503937e-04
2.347392138453817216e-03
8.682742987650109504e-03
1.868221164771438763e-05
5.307655321820606287e-03
5.661253872876556180e-04
-9.228159232907668730e-04
-2.057569193711389355e-03
6.220804387444693433e-03
5.520810644915513481e-03
5.968885025364366152e-03
-1.749137834094359771e-03
9.147299071250752272e-04
6.595155726875619705e-03
-2.611467928761696151e-03
-1.506453327232074599e-03
5.132656483293557281e-03
3.577442424508498354e-03
-2.847734133752017477e-03
1.277742045532622491e-03
4.297196410212473019e-03
-2.505302683238595524e-04
6.638493072986336244e-03
3.442651099593146361e-03
-5.290385618885262362e-03
3.224887156633471450e-03
-1.884665130886702730e-03
5.054695733881578446e-03
2.862285547727193465e-03
9.431366382308680753e-05
-1.088235455804313352e-04
3.643880221218870862e-03
1.123318665291395428e-03
8.842496385170777254e-03
6.366416223008083963e-03
-1.335880207318724047e-02
-1.617751045924155275e-03
4.462042661721462612e-03
-7.615208195944377957e-04
5.499133556627499100e-03
-1.004487986847323565e-02
3.831009261190135729e-03
-6.396478595424082148e-03
2.905556004636586365e-03
2.276187762731363086e-04
-4.239595630543967382e-03
1.452327412286102395e-03
-3.196040267753424285e-03
6.239627796998499509e-03
-7.890288344221762715e-03
-3.033345558884019584e-03
-4.171792594269837454e-04
2.119396887929479462e-03
1.636662108488990894e-03
5.749600590155809314e-03
3.305608732412013660e-03
6.432922361225367099e-03
2.325982351191521053e-03
4.781148286658302819e-03
-1.313177172914992011e-03
3.111996126091368369e-03
1.168502539169840367e-03
-2.435191213533700882e-03
-5.969605858558974139e-03
-1.868678460921518753e-03
2.479230096852274266e-03
9.576844822315221713e-04
7.849269970907474941e-03
-5.715216760134509549e-03
-1.331939575258723118e-03
2.355660204158426148e-03
1.103640201602028650e-02
3.161494270086394592e-03
-7.544863943537941531e-04
1.708782763208347702e-03
3.341704267170176202e-03
-5.038598712574319897e-03
1.302476591792289112e-03
3.794859927361938796e-03
7.653256757354678745e-03
7.318858894157012455e-03
-1.352124598452750367e-03
-4.821371176665515193e-03
8.808854592129053765e-03
4.466927807790127200e-03
-2.912239970064619404e-04
-7.684467190830286849e-04
-2.928486083803112996e-03
-5.709669429249078672e-04
-7.287648284663388216e-03
4.761946731643680077e-03
6.599079594923574696e-03
6.736170000944008418e-03
7.713338682651085972e-03
2.106978726286709395e-03
2.525872225348035557e-03
7.849971771490920486e-03
5.254931941497687116e-03
4.174262736352171710e-03
-9.475911177904723778e-04
6.418724386478255432e-03
4.108141633376455500e-03
-2.141877720604034707e-03
2.597762323782912795e-03
2.390463718126294764e-03
2.124958101476783444e-04
9.780677858699203531e-04
-8.164175593567175523e-03
4.315178991128190179e-03
3.961177048641324229e-04
-1.817362897127267052e-04
1.737510455418806452e-03
2.022198303859157678e-03
-1.168527611631410210e-02
