1.977088748482108416e-01
1.497885930815119893e-01
1.763639159744917473e-01
1.558104556720760203e-01
1.550761335623047354e-01
1.342841672570112554e-01
2.523947169770645038e-01
1.378370094535937007e-01
1.619191336703420803e-01
1.916555028621948209e-01
1.508861167304769713e-01
1.243528316730734967e-01
2.755498982842246036e-01
1.469215549726012315e-01
6.907710347202242196e-02
1.476910475974341219e-01
1.405500333929829981e-01
1.293071287663907498e-01
8.286954268027268977e-02
2.112014522807003358e-01
1.074566520615051202e-01
1.898424578356203707e-01
2.232592213217523547e-01
1.871787444249605747e-01
1.528866047754892377e-01
1.919685794226794195e-01
4.590217681014706341e-02
1.172602174818199033e-01
1.438521780929553073e-01
1.264687768621393926e-01
9.362348155546672268e-02
1.249875731076478952e-01
1.499823195870708670e-01
1.048415340453327654e-01
1.645201185740356731e-01
1.757002519805604124e-01
1.502733801894990673e-01
1.604267660647475946e-01
1.889887188695262565e-01
1.712888438111926093e-01
1.426199518043405612e-01
2.012260992660589998e-01
1.491769490995708547e-01
1.245383080644170831e-01
2.128897307464782673e-01
1.363664883566169106e-01
1.880448479430475717e-01
1.737866240433815768e-01
1.570749413353349500e-01
1.325516843059295624e-01
2.292688973219262905e-01
2.067657687034778757e-01
1.197860137731436431e-01
1.938788999451932782e-01
1.655751891794168262e-01
2.096751096213229637e-01
2.084730842368820447e-01
2.118908920682286978e-01
1.986832253357061762e-01
1.869309789166602176e-01
2.110975354552502292e-01
1.624348628319938481e-01
1.363527207120271423e-01
1.739224485518794938e-01
1.739945032099719791e-01
1.034728918840362027e-01
1.246566524696311185e-01
9.672283326528614833e-02
2.174144959846150416e-01
6.324935624114091937e-02
1.492112664598423399e-01
1.770232040083390690e-01
1.620040289449409809e-01
1.160619548272586316e-01
2.081866276864844378e-01
1.838474708428897708e-01
1.001867021041474293e-01
6.456913353484260154e-02
1.684342849537898146e-01
1.296318195252781913e-01
1.275351829891521738e-01
2.124681179091976735e-01
1.668259430193742565e-01
1.155148369605068226e-01
1.967715114313855485e-01
9.216202185432426086e-02
1.530721770563962247e-01
1.822302098210900334e-01
1.309744776497003549e-01
1.098778782861125208e-01
2.036603726114928625e-01
1.905627757570076131e-01
1.513156730388838245e-01
1.510538437531298850e-01
1.496894697573322719e-01
1.466326396275575705e-01
1.271483466030613185e-01
1.749034034856959685e-01
1.789784235518670774e-01
2.035714774841284325e-01
1.185919901343630151e-01
2.180083728926264786e-01
2.083693502770175843e-01
2.164482798319849188e-01
1.562808546833282797e-01
1.428589579688497868e-01
1.590204895465365809e-01
1.939889551422391833e-01
1.728318822108443065e-01
1.549918395126947679e-01
1.227745539309082479e-01
1.632665524702480442e-01
1.991571542290109242e-01
1.058794206660849946e-01
1.509959731857209719e-01
1.549389621248758730e-01
1.174946158000091945e-01
1.556569252202032738e-01
1.140100354902528201e-01
2.359506238851364901e-01
1.671972314888642008e-01
1.926695569395856511e-01
1.729467013080639992e-01
1.691004378322300827e-01
1.072558876647279752e-01
1.665106861751999012e-01
1.339611402953026498e-01
1.424680614157404490e-01
1.681501698657819066e-01
1.729519536797542167e-01
1.205191890322582227e-01
1.238274569373239292e-01
1.819186675641677187e-01
1.361026238748233030e-01
1.488394841520015444e-01
1.130404782344059250e-01
1.021134976456862242e-01
1.773902442081942143e-01
1.869039495397888939e-01
1.046017610576575052e-01
1.539090054724295276e-01
1.727588249493020867e-01
2.172107430169958053e-01
1.778320595185196862e-01
1.938201243050050593e-01
1.134444767180666225e-01
1.115819370353530737e-01
1.880145616277348330e-01
2.505222358610712519e-01
1.061477258813489644e-01
1.470870364014393861e-01
1.736774664042113614e-01
1.364236834120405861e-01
1.519370061425014962e-01
1.200619078566745601e-01
1.484765533479671384e-01
1.492007111449867307e-01
1.741552549687800100e-01
1.633057315860772796e-01
1.713289145430838267e-01
1.859414428523595564e-01
1.348006645451808039e-01
2.022757211380756259e-01
1.631517911695330725e-01
1.891384357817099682e-01
1.585185070596248635e-01
1.332218811452883789e-01
1.821323269936181710e-01
1.067875965254888038e-01
8.580899473933688293e-02
1.495906915280257321e-01
1.589611676670641127e-01
1.975984804462008193e-01
1.882971769820193098e-01
8.809920915920053941e-02
1.091413075491307338e-01
1.945883193175498571e-01
1.186260567021102802e-01
1.486969983100360493e-01
9.601086036982357796e-02
1.693554951747978099e-01
1.901226119218286659e-01
1.777354595563563622e-01
1.730119953894888318e-01
1.434973719498232048e-01
1.942571796798202022e-01
2.326500778794057811e-01
2.152474151473134645e-01
1.692741007329981728e-01
2.288764882066689210e-01
1.197255798845656971e-01
1.289093804937577192e-01
1.968581375592052540e-01
7.797638707082181486e-02
1.198679245079669747e-01
1.466472390273931559e-01
1.513378975904674240e-01
1.502018167658419057e-01
1.501908271720472088e-01
9.276629608256992121e-02
1.650737557337673134e-01
1.376511035327037946e-01
1.684846645254766129e-01
1.541564322603990733e-01
1.847785016817086456e-01
1.464015764335861725e-01
1.549169397927649405e-01
1.518614651251512238e-01
1.206370921119977735e-01
1.514686390852121867e-01
1.784883079475651502e-01
1.475631187199243632e-01
1.441795859886330078e-01
1.649108763821932611e-01
1.641312337361294227e-01
1.387778409945653602e-01
1.985146850082084025e-01
2.797348515786404755e-01
1.259402169174787256e-01
2.085254165759979350e-01
8.585765141466314421e-02
1.448812505980445753e-01
1.426991650258460920e-01
2.018512207027866878e-01
1.417738018082665141e-01
1.831429272128881069e-01
1.507572739979800847e-01
1.665588157787540324e-01
1.350239973593740095e-01
1.616890424149327321e-01
1.597182748811538933e-01
1.405024536637733135e-01
2.038774557146130761e-01
1.861054695968729633e-01
2.122311770654167207e-01
1.732792179571696067e-01
1.994077984738744924e-01
1.844190518165333692e-01
1.547647019798012447e-01
1.430872030494152181e-01
1.311741228434888940e-01
1.459528283520324099e-01
1.418623245786461706e-01
1.681802805234186016e-01
1.413552164897552699e-01
2.459365808953241084e-01
1.100887385672526669e-01
1.949579087847036485e-01
1.001448147813775308e-01
1.705953165036253050e-01
7.799961941738459137e-02
1.912359761088812116e-01
1.584536322191366087e-01
1.706778830786995771e-01
1.461743979788636683e-01
1.257121860575185490e-01
1.778969643021225955e-01
1.740065518287734203e-01
1.933624275182130314e-01
2.205843222603220133e-01
2.468203933126381366e-01
2.270733034278741291e-01
1.528481312294224514e-01
2.043696276193270045e-01
1.030823364508190038e-01
1.298615529902869270e-01
1.187106426269416426e-01
1.527760893186640156e-01
1.486073406323621948e-01
1.176702582201277769e-01
1.338582165514994038e-01
1.978029173214306546e-01
1.654695975999943836e-01
1.136458504281563225e-01
1.519374333360582197e-01
2.033421450173263367e-01
1.823386502349736704e-01
2.176687263425005625e-01
1.995813686196717951e-01
1.497128553283562924e-01
1.538571135789941480e-01
1.143596542511752800e-01
1.887124822939457436e-01
1.849205282760229274e-01
1.888215592970975965e-01
2.032809753213011550e-01
1.602600946822841377e-01
1.283649993870726036e-01
5.490291869780566242e-02
1.406663745403309296e-01
1.337598745769873476e-01
1.173778643214794387e-01
1.401491125665600135e-01
1.389193569154204000e-01
1.868243409317742187e-01
1.616762523918747474e-01
1.676074407195309035e-01
1.791138527516227819e-01
1.384313443145192557e-01
2.152489422143090136e-01
1.411203456789671962e-01
1.417055162001860935e-01
1.711957987792613878e-01
2.097872172977219285e-01
2.161205040765802332e-01
1.910222369853032121e-01
1.850010838445547978e-01
1.190960708743617896e-01
1.331973545050068042e-01
2.249403240714396846e-01
1.241924111929618435e-01
2.524073577068712826e-01
1.521873730330146057e-01
2.126026661378170035e-01
9.293957345539302639e-02
1.501089451630629457e-01
1.935016045493425374e-01
2.315655638729831045e-01
1.240544984521245453e-01
1.394360447650377088e-01
1.351790091703072294e-01
1.276600183508294351e-01
1.587424365630806244e-01
1.660888920606742314e-01
2.086219705086882203e-01
1.970574507120862462e-01
1.529912932147980131e-01
1.941862016889875919e-01
1.644813016125390437e-01
1.614574826742017910e-01
1.447198677493079233e-01
1.680542378716304575e-01
1.669313279928466565e-01
1.422522470562419816e-01
2.316723438821715608e-01
1.984849785814037371e-01
1.689990696023682959e-01
2.442857609782157213e-01
1.242322233344697324e-01
1.186503708163118564e-01
1.128953547005424052e-01
1.247622185802773620e-01
1.413301966758118977e-01
1.881853094524233438e-01
1.765243989536501856e-01
1.553950187674619787e-01
1.512715732421794357e-01
8.006167665040905823e-02
2.342586858622774382e-01
1.149022124841415499e-01
1.494688963010432359e-01
1.266660785204115347e-01
1.119248613974083290e-01
1.391538463626284250e-01
1.589993297705840358e-01
7.977981066318889924e-02
1.676396061496123746e-01
1.659549830308351126e-01
1.155087205352447605e-01
1.801948577052153166e-01
1.175215122856397704e-01
1.180006948075870976e-01
1.286492817827941948e-01
1.882711297958367391e-01
9.572278721603795504e-02
1.540904050129354441e-01
1.728041384176240147e-01
1.892252942169138641e-01
1.367295238056802920e-01
1.682637681332522506e-01
1.831612868703198782e-01
1.569589117618193919e-01
1.100126828448112493e-01
1.236623688124990073e-01
2.095834625043123955e-01
1.538063528665829238e-01
2.033649091195430525e-01
1.076113503128593579e-01
1.327277693838004591e-01
1.550064968991325676e-01
1.204890678189954184e-01
1.415074894798278582e-01
8.363961832208088865e-02
1.866487809822636179e-01
1.935234226086685883e-01
9.816633527748920562e-02
1.712465111043758037e-01
1.800103070852626108e-01
1.376164217789073163e-01
2.018839350264748922e-01
1.109103810037311705e-01
1.223188627398047179e-01
1.423297226419051043e-01
2.139685830543903988e-01
1.396378710628506659e-01
1.657903727348303824e-01
1.926040265465480961e-01
1.142398747520476376e-01
1.378521322775029812e-01
1.440384937255040354e-01
7.069785140642104171e-02
1.300157525529856417e-01
1.864384581249539929e-01
1.873640878554301559e-01
2.314952889468143704e-01
1.646175582062620601e-01
2.135298853527342611e-01
1.880046152306892593e-01
1.869676887337868298e-01
2.068218123453545720e-01
1.203205042260144242e-01
1.542334298424065941e-01
1.118801165905247419e-01
1.271330016901972837e-01
2.136646212357694585e-01
1.975305524983980987e-01
9.434787588117581059e-02
1.976752092010104211e-01
2.074688573774469968e-01
1.595604586550599668e-01
9.699556669847581025e-02
1.233952240111721582e-01
1.828741133939884300e-01
1.648850242346738271e-01
1.235582322385836984e-01
1.410512115978964920e-01
1.715031983006248262e-01
1.836946349678631740e-01
6.732633502737617182e-02
2.114864069195722951e-01
2.021630037397218194e-01
1.445773490925754967e-01
1.629037747545109827e-01
9.654416857984213229e-02
1.592991107863653277e-01
1.714229244325921053e-01
1.219727508979341624e-01
2.104030498434456553e-01
1.758406705525454305e-01
1.183803371523101111e-01
1.709768737845329956e-01
8.528331049147214182e-02
1.586240680962537342e-01
1.661934247811716059e-01
1.779373121192484031e-01
2.147333682284907619e-01
1.606571280076722619e-01
1.527048031028872543e-01
8.312970695138983956e-02
1.375746268953399187e-01
1.610960838498015357e-01
7.581225541501869503e-02
1.949945716945830076e-01
1.835380913837312555e-01
1.661679509661410925e-01
1.483398364308725625e-01
1.390327881387557196e-01
1.434447820907670257e-01
2.006126911601561480e-01
1.982673956034646245e-01
1.627644307986415018e-01
1.459061065751260933e-01
2.085686293228292687e-01
1.173435394541575694e-01
1.533217890743709677e-01
1.239518328653923390e-01
1.737450256960891004e-01
1.284072206001093674e-01
1.289044820463274843e-01
1.321042663595779487e-01
1.202439904969191259e-01
1.022987073532461294e-01
1.059249268156976370e-01
1.952086175928319789e-01
1.576312140834847664e-01
2.202389606425727842e-01
1.578739250052887955e-01
9.162684438026150180e-02
2.185242378018726894e-01
1.252208412826849304e-01
1.663509379434680580e-01
1.311379096720846904e-01
1.162381274010531040e-01
1.352968050388573262e-01
1.445913543168070858e-01
1.262687980495501849e-01
1.927866260323618519e-01
1.625371685941141009e-01
1.006455367048962601e-01
2.354736483009796100e-01
1.888540078695122859e-01
1.673729194574880841e-01
1.173515053466673702e-01
1.319057032151366715e-01
1.922543935447170171e-01
1.079991633520769878e-01
8.130586246723965627e-02
1.863928305367591465e-01
1.210758660688118216e-01
1.331556740345203049e-01
1.286096337293091973e-01
9.725501407870600079e-02
2.588938332659215247e-01
2.006172481113633610e-01
2.127505197926823632e-01
1.938333604741569738e-01
9.509080406841176336e-02
1.168866200094444419e-01
1.598956367686002189e-01
1.733274082793469228e-01
1.089069140034541056e-01
1.421221681759602118e-01
2.006816997429483607e-01
1.343622646226154960e-01
1.359322174015268059e-01
1.261032592396245655e-01
1.766463174334498010e-01
1.556368873293343946e-01
1.435335898280118427e-01
1.527437736964980530e-01
1.471824962336668041e-01
1.386463449574553974e-01
1.112266526636512959e-01
1.392063248518816410e-01
2.114632581986389537e-01
1.221232459928109082e-01
8.360485496748107370e-02
1.619292243297427158e-01
2.037906306744075580e-01
1.420637210218094748e-01
1.529545443265261928e-01
1.528111204100742748e-01
1.950170944035533593e-01
9.173218372811363375e-02
2.483264915848280019e-01
1.425682972573191487e-01
1.498987561692721737e-01
1.367660285436933520e-01
1.503309857233041114e-01
2.010027728899297927e-01
1.962873878078393863e-01
1.793629759927238554e-01
1.338095954563392476e-01
1.488922430792095908e-01
1.360385269591370405e-01
1.085102876282693779e-01
1.141302790697764219e-01
1.037130831762625438e-01
1.425456407636158385e-01
2.248795646391879566e-01
2.170930625170882644e-01
1.962167569426764291e-01
6.235984824270741911e-02
1.570517926979838608e-01
1.313101893611566262e-01
1.836496914863375574e-01
1.717183037174089544e-01
1.024212627999716713e-01
1.363105221268345046e-01
1.107481214411427106e-01
1.042900570793513781e-01
1.561547704563654437e-01
1.227778589391479436e-01
1.258338049413161575e-01
1.680272855749317396e-01
1.915795271909582487e-01
1.175425033340793679e-01
1.187429168205534624e-01
2.104017719784110896e-01
1.742762352636570700e-01
9.356974050178677726e-02
1.840701749025626388e-01
1.968689919510483166e-01
1.295344983619878265e-01
2.051513792736709696e-01
1.858979346194539195e-01
1.734761195256724342e-01
1.404425543112977903e-01
1.391092493672526631e-01
1.377312980125703079e-01
1.180265508920339129e-01
1.412499414814027410e-01
1.516429074101645069e-01
1.880981332378077742e-01
1.381719931181695504e-01
1.746821427738040056e-01
1.545654112775148581e-01
1.572224719296427542e-01
2.495912660286843110e-01
1.050312785901366258e-01
1.540630243142037115e-01
2.018124703738654047e-01
1.407747618679273394e-01
1.490740301454777095e-01
1.820361925227891864e-01
1.602048027248414164e-01
1.405841811828728860e-01
1.661702041753131964e-01
1.884572880259544614e-01
1.282069863786257369e-01
1.878642596988961411e-01
2.221224858381745937e-01
1.224107195332117398e-01
1.983189690244863412e-01
1.566140112784504546e-01
1.079182979773043866e-01
1.279930844848225224e-01
1.864451113258163428e-01
1.225687747670604760e-01
2.150215150742578740e-01
1.994909949143867933e-01
1.992454249546464495e-01
2.046773389839578183e-01
1.804360088289257424e-01
1.393534162915324726e-01
1.355455687293977141e-01
1.455051656927116854e-01
1.817028222331317222e-01
2.358164126921706016e-01
1.068205508354857086e-01
1.494781035044109307e-01
1.598231808337225168e-01
1.935315189124602320e-01
1.177422598435937662e-01
2.294862288148703799e-01
1.383679225310860683e-01
1.955421033465955805e-01
1.975573194533295218e-01
1.381607333848845487e-01
1.178607429188284483e-01
2.152186763478937670e-01
1.448357817343162157e-01
1.651880273363028062e-01
1.376450906164589927e-01
1.167124249078659581e-01
1.642968515323631473e-01
2.129616315002404447e-01
1.317347013497629504e-01
9.964525525521733540e-02
1.766883223983332918e-01
1.447267192572647410e-01
1.731860904819333968e-01
1.422825507992341587e-01
2.035767025646943729e-01
1.779207026639822442e-01
2.088104062100469283e-01
1.405635394951578188e-01
1.458698033753488554e-01
1.625136449680149309e-01
1.902674031129812926e-01
1.386210834855950702e-01
1.788818599509380547e-01
1.635732250911606511e-01
1.947403844481371826e-01
9.127605312386712078e-02
2.096469825912433416e-01
1.046664629177228578e-01
1.577419387043164367e-01
2.300630370296094795e-01
1.516122749348379484e-01
1.272737365571743884e-01
1.477951651357223561e-01
1.098563102260305957e-01
1.066732546137032778e-01
9.340462372464961027e-02
1.498658822604335694e-01
1.317536614619231328e-01
1.791858258802047354e-01
2.102758307953810357e-01
6.806393378780230263e-02
1.643354246623305037e-01
1.588330335470354016e-01
2.488778471378295942e-01
1.873775771322054862e-01
1.808881324351113984e-01
1.665471965070381977e-01
7.260513707958049512e-02
1.986706741285776123e-01
1.312601419992743546e-01
1.433361571558724734e-01
1.598872172783021017e-01
1.112537122940165796e-01
1.224793659245523303e-01
2.037220037282162222e-01
1.864172845502249654e-01
1.327262166463827053e-01
1.692272460659293709e-01
2.419821244091098777e-01
1.452004363306174661e-01
5.372688990394236530e-02
1.258433797782657626e-01
1.697225247085040467e-01
1.434868857981915213e-01
1.421206437669162437e-01
1.442979151914794145e-01
1.781329279979671776e-01
1.592444272794973636e-01
1.539577809308255718e-01
1.556987927916961556e-01
1.786351216154626886e-01
1.070760244302656483e-01
2.301478866623458130e-01
2.482488533702487399e-01
2.000379464492706150e-01
1.670233509084149415e-01
1.513265236040327588e-01
1.125832019029309461e-01
6.855980214494185321e-02
1.708815396747823401e-01
1.637126691431565750e-01
1.633748309198384818e-01
1.641117043019770794e-01
1.521040428510958276e-01
1.485657570364420643e-01
1.628815382727775429e-01
1.597639588132664656e-01
9.520161720324035737e-02
1.307894604886896961e-01
2.471014417707309285e-01
1.540364384011922161e-01
1.466623893009263713e-01
2.055268626689913114e-01
1.659762651122885235e-01
1.150038885061595156e-01
1.511169780313396938e-01
1.566857722711844925e-01
1.228569170811771860e-01
1.670784704857086189e-01
1.250829599890116994e-01
1.591844435173880024e-01
1.804505495738910614e-01
1.727003202314458807e-01
1.380626467431207705e-01
1.615656980408392285e-01
1.366536738760966430e-01
1.346633723982101905e-01
1.871732483167738437e-01
1.715732877461746686e-01
1.800294445936116150e-01
1.387089564074520387e-01
1.452662365549522161e-01
8.089315813593006554e-02
2.068745143805925391e-01
1.652692903272937608e-01
1.662379369075885349e-01
1.314990612479980114e-01
1.454026226578638836e-01
1.676604759532943911e-01
1.488196381213865993e-01
2.010730074238250564e-01
1.743280181291969322e-01
1.770294261815076042e-01
1.921547231825816160e-01
1.029700530483417253e-01
1.236804884117935349e-01
1.597562522700115561e-01
1.825677725203342372e-01
1.525010135105963893e-01
1.799697157960236660e-01
1.882968194088436020e-01
1.908852933736845114e-01
1.262151198622867565e-01
1.165252300000032687e-01
1.851801370332594177e-01
1.441125099335206217e-01
1.763281170768775385e-01
1.087708522565414698e-01
1.795131613395904435e-01
1.397166971089509324e-01
9.792892473500391937e-02
1.558836923684271680e-01
1.886113807030297962e-01
1.403170099940080906e-01
2.015721012900844877e-01
1.005407847502750446e-01
1.361181932377097670e-01
9.417842204747266244e-02
1.979848730029313553e-01
1.234859802839906734e-01
1.932765069233125521e-01
1.931653812489729782e-01
1.512336020295213523e-01
1.355959893829792595e-01
1.673009534175141644e-01
1.014829436003616692e-01
2.073971496794166647e-01
9.801072215506231866e-02
1.305858995513839993e-01
1.713885423117776086e-01
1.646441016150719805e-01
1.078134591283488181e-01
2.297766680890958868e-01
1.351461936161837130e-01
1.041056065850165524e-01
1.807158451771635477e-01
1.963325827801867263e-01
1.550922121846254886e-01
1.161508879201917505e-01
1.517986991355035065e-01
1.605535981578392890e-01
2.390275103650692790e-01
1.520714476805508086e-01
1.436239126030779689e-01
1.056244352855436330e-01
1.782295286799840950e-01
9.049582541774206512e-02
9.942919708934744305e-02
1.307009794281053516e-01
1.561518621157101938e-01
1.382474439987554649e-01
1.580595270156394949e-01
1.345604742080465099e-01
9.708423591762291305e-02
1.818692966004475386e-01
1.709879721081538628e-01
2.101094862259676455e-01
1.217389738696545154e-01
2.343198411425153060e-01
1.544612039043271323e-01
1.470850641716180129e-01
1.696730834155689427e-01
1.433229221194222969e-01
9.724445081954855019e-02
1.189388189022722725e-01
1.165477572047428217e-01
1.899507999607850106e-01
1.772164419256331280e-01
6.934577610264719416e-02
2.028577245575512167e-01
1.625409264321293068e-01
2.379818243269242184e-01
1.614344279129815152e-01
1.542417445572883405e-01
1.768238270021032232e-01
2.505523578331577128e-01
1.462264362268931028e-01
1.178896174223565824e-01
1.902854487847914500e-01
1.463606238016411654e-01
1.659196257270384722e-01
1.828841253818827006e-01
1.021932927162361032e-01
1.239408647062594376e-01
2.027495856761741821e-01
1.731854496224551621e-01
1.322077563574938219e-01
7.797411453591374109e-02
1.947031908671813250e-01
7.553899550685211350e-02
1.271595269746601808e-01
1.324323569248301580e-01
1.427545427364321218e-01
1.368353747745381932e-01
2.212958085322186685e-01
5.986199250021242979e-02
2.408400278358173163e-01
1.529981865727056967e-01
1.559642708918601017e-01
1.201777657530824911e-01
2.109453788581374112e-01
1.885916570490215882e-01
1.251187529869053905e-01
1.511511937501970049e-01
1.782583765211137317e-01
1.333601564679210427e-01
1.697014765091547084e-01
9.089971800397378399e-02
1.761070524527727776e-01
1.631472408114472972e-01
1.408731661801506940e-01
1.871241737791950743e-01
2.096395359047230067e-01
1.765102841812752898e-01
1.101079701195899901e-01
2.048306661050321720e-01
1.825212967554631083e-01
1.583770625824313105e-01
1.605090716242611182e-01
6.855076454425342025e-02
2.041894109690463865e-01
1.694781968409131978e-01
2.228933531476239849e-01
1.607075421405832483e-01
1.650200399566073006e-01
1.964544473660779222e-01
1.781728924300971795e-01
9.295517306985175143e-02
1.277694242202798147e-01
1.432661884111813277e-01
1.592111426378285399e-01
1.261118331918752167e-01
1.202727135826229532e-01
7.105130457833658264e-02
1.627384703209450723e-01
1.518891733219676909e-01
7.527201493672192045e-02
2.047270564477700061e-01
1.796987343267212045e-01
1.666593080042225172e-01
1.446070899004825439e-01
1.923972738308905583e-01
1.952334614997180695e-01
2.153143392088130437e-01
2.020316826826414891e-01
1.639147230307091974e-01
1.643704213014116899e-01
1.707624140416277581e-01
1.253589545426976037e-01
2.124538268326718049e-01
1.432788195935099373e-01
2.426007116896609639e-01
1.776809204272833398e-01
1.380603348465436753e-01
1.482760291709089018e-01
2.511134540044100971e-01
1.861776511863310890e-01
1.302333858072325656e-01
8.789536291602070839e-02
2.010723931748679971e-01
1.375903391363374195e-01
1.468577702812936814e-01
1.826999507264143452e-01
2.502543254652337956e-01
1.711958771311104521e-01
1.755769686464844770e-01
8.743442675005774767e-02
1.743287412451448581e-01
1.384933213329254398e-01
9.629395692182927957e-02
2.227490056457034628e-01
1.078013677729614261e-01
1.731928611033827503e-01
1.802984968582305725e-01
2.018218463622631076e-01
1.899503636251461125e-01
1.688125435843202127e-01
1.047550450820640966e-01
1.412379222191927630e-01
1.549273069103863365e-01
1.499915882408354439e-01
1.080673846866732624e-01
1.474143679352958036e-01
9.703188915902442868e-02
2.432598540833377510e-01
1.812561206790710699e-01
2.226435374897572927e-01
1.846959291243392143e-01
1.877508640131344830e-01
1.906858802369483241e-01
1.271878695705551954e-01
1.537465918001033882e-01
1.059836765852355950e-01
1.753167738554725075e-01
1.067083456518964080e-01
1.401709055622643030e-01
1.226727342318206238e-01
1.233720916252808580e-01
1.945499672540915992e-01
8.266770143569665552e-02
1.815213643489349549e-01
1.361375261584609475e-01
1.412678163542145648e-01
1.517049390938589593e-01
1.452598212577795311e-01
2.086660161815276082e-01
1.917235476712891296e-01
1.928127214253227695e-01
1.111940009980771499e-01
1.768498498894602866e-01
1.405128741806554171e-01
1.903746053876024524e-01
1.543147791682312753e-01
5.368199780964681700e-02
1.557747805196265378e-01
1.495219201011693533e-01
1.633230182050290080e-01
2.136147076603754358e-01
1.219038339318122832e-01
1.049550247365599875e-01
1.841723107091071676e-01
1.223739620838574516e-01
1.603420525374102124e-01
1.608206807970949392e-01
1.630857321063775567e-01
1.193375829090389528e-01
1.829053486892349145e-01
1.106459557631524343e-01
1.633836068705914468e-01
1.129429748644355802e-01
2.361611224705122414e-01
1.236066158121594122e-01
1.535895962113132396e-01
1.033566409219446869e-01
1.077463079499048626e-01
2.465142483308469801e-01
1.667778992674224525e-01
1.823408101146744564e-01
1.463682081151948255e-01
2.175994766469281083e-01
1.647325917441409548e-01
1.392831919201885926e-01
1.853348158101758569e-01
2.580256738581712117e-01
1.207972468298298824e-01
1.262703754414231105e-01
1.754783256677630021e-01
2.069415485772351238e-01
1.319366145438251592e-01
1.582761416251418640e-01
9.283644681744333826e-02
2.433053677279461147e-01
1.610320776948889199e-01
1.889666747557886273e-01
1.858037094099324882e-01
1.276728261315235036e-01
1.138818384714438275e-01
1.425677575795220309e-01
2.376558039219679452e-01
1.399955116527415444e-01
2.067162220180585597e-01
1.472283760840358557e-01
1.902222343139309824e-01
1.436319149535827677e-01
1.441732361665545026e-01
1.880300176110696053e-01
1.863638695768046472e-01
1.548851501607350911e-01
1.680363141610325683e-01
5.409432856911473159e-02
1.597012217272635592e-01
1.799138553455472134e-01
1.211549855796161951e-01
1.610818192000777749e-01
1.623543261115425185e-01
2.009821865867547352e-01
1.616074634311588099e-01
1.424960108499274680e-01
1.568538286032984119e-01
2.696703484216972924e-01
2.042505445152058841e-01
1.927504549821079660e-01
1.651335317172152872e-01
1.636150945449214023e-01
1.827245301070714312e-01
1.782107897128499263e-01
1.781885848070425826e-01
2.157101510788148879e-01
1.276418569550821502e-01
1.201668122395658372e-01
8.766806297626415778e-02
1.774568421262864293e-01
1.400900110190737013e-01
1.224488942866872460e-01
2.016297931498624019e-01
1.065942888827688534e-01
1.248227935401082511e-01
1.874806938329099393e-01
1.785876445203661012e-01
1.346462961262367974e-01
1.370010001521036469e-01
2.204526850230580370e-01
1.954074027550286585e-01
1.089428446919938898e-01
8.014670475821415729e-02
2.148369444503984427e-01
1.303875112935695135e-01
1.329298051739283559e-01
1.607615101041087180e-01
1.287326884662338966e-01
2.230181037948230638e-01
1.436639372412131521e-01
1.319809979872581251e-01
1.668729999309596090e-01
1.029998925496548728e-01
1.511756157145561774e-01
1.292099405884848673e-01
1.493087853063683745e-01
1.499884259686750654e-01
1.192626213923035777e-01
1.961542658729693023e-01
1.402843499534436600e-01
1.105134164355280474e-01
1.669846689838209441e-01
1.429514816004620326e-01
1.356471428590519113e-01
9.494159922590844625e-02
2.542005517943092263e-01
1.656169292085058198e-01
1.637280402371983079e-01
1.715791830873107382e-01
2.332040074729088142e-01
2.235686594845034680e-01
1.446095345716773561e-01
1.264137827780497936e-01
1.060594243645234108e-01
1.416194710708027771e-01
1.427078840785036273e-01
1.631615033009400917e-01
9.240857624413953419e-02
1.429735059050134538e-01
1.103754737906487288e-01
1.438622472735584246e-01
1.014168624057103368e-01
1.643899757414772622e-01
1.538662915674008369e-01
1.744106325563157256e-01
1.884657370375556751e-01
2.136825315640157597e-01
1.257277912252822982e-01
1.407123667919097931e-01
2.012075788095362971e-01
1.277266854551150077e-01
1.589274011434623490e-01
1.430076003179532873e-01
1.685794538136153875e-01
6.507774255194774538e-02
1.562701917872554302e-01
2.155357540153857998e-01
1.394888301484412951e-01
1.180520019246416030e-01
1.886981672913508601e-01
1.681891357681097043e-01
2.369955792387905547e-01
1.789763885056782078e-01
1.676376914066847190e-01
1.250368142623684842e-01
1.673966947468804312e-01
1.159976939108543353e-01
1.198825048487957290e-01
1.391387426288405171e-01
1.393018271366293914e-01
9.529975743235395702e-02
1.148821258270689150e-01
1.780455764055603740e-01
2.160258839717209556e-01
1.681743771375680263e-01
1.419186538243250029e-01
1.661653902326087895e-01
1.661254598940345717e-01
2.204317664689358636e-01
1.194095591780220122e-01
5.947542083253386236e-02
1.291095443499970241e-01
9.437287514535536159e-02
1.641769079310151369e-01
2.124007831701691662e-01
1.682104947457317146e-01
9.831875411887067151e-02
1.512026689974996785e-01
1.661371160086020926e-01
1.759010784556988560e-01
2.233437784447991348e-01
1.763038478061110248e-01
1.533262058382908744e-01
1.711589590427879670e-01
1.870807776190973049e-01
1.704571132441725367e-01
1.100278552442984920e-01
1.243274520068778227e-01
1.971375820000317025e-01
1.039527430201283575e-01
1.866569189891803815e-01
1.494145657835178054e-01
1.235721231445528479e-01
1.861854637437292126e-01
1.441993391062835750e-01
1.074188737053811821e-01
1.615427981154928527e-01
2.136399867034673716e-01
2.058607992053024804e-01
1.820770066770610041e-01
1.201147713752767493e-01
1.776945006478879985e-01
1.995720387931975703e-01
1.115751582291818339e-01
1.983185450214686452e-01
5.830574266151546114e-02
1.908109204813841220e-01
1.542208688435978969e-01
1.997091953101564898e-01
1.394743039707348753e-01
1.694134652404733765e-01
1.387300786995011859e-01
1.239936805202263848e-01
6.660729210491071750e-02
2.092298118811420915e-01
1.692765929630192234e-01
4.932026263309120112e-02
2.133623724896977214e-01
1.329219546737098467e-01
1.983405369982436384e-01
1.692832911534288276e-01
1.562707514754538840e-01
8.995504613453941811e-02
1.531615332163787369e-01
1.538612117419299041e-01
1.625255885701638592e-01
1.402037903743709735e-01
1.287517100238054213e-01
1.506862463546415065e-01
1.860129961712399804e-01
1.754715091510486158e-01
2.022175844052730154e-01
1.744963347446374380e-01
1.600449811103561715e-01
1.364004127152142476e-01
1.658351990810792986e-01
1.893634194454765773e-01
2.347350837033465587e-01
1.665402625307712547e-01
1.300463227361043916e-01
8.698477310773339299e-02
1.817876645985789241e-01
1.806417441626200493e-01
2.176529595683848461e-01
1.434157346386691068e-01
1.572847628890105265e-01
1.969183483310211202e-01
8.791549091096878543e-02
8.583262642242123208e-02
1.707184736112964396e-01
1.721927514116034508e-01
1.401643382950364114e-01
1.359929879718518864e-01
1.829438854748690890e-01
1.496590942190473561e-01
1.917305624252641505e-01
1.754413791672861656e-01
1.662587147715531011e-01
1.623865170277526415e-01
1.401937269149782228e-01
1.201744580328642092e-01
1.058980126635541974e-01
6.305662653448305954e-02
1.459324028383054972e-01
1.554089094080902955e-01
1.346788123641131651e-01
7.952710864570106120e-02
1.347510227734287080e-01
1.539930519061508685e-01
1.618070453330535952e-01
1.548770426436859859e-01
8.589242892791151829e-02
1.460378141323269430e-01
2.128233294521504615e-01
1.260185641889151331e-01
1.848784225546324100e-01
2.066891417866471570e-01
1.886443244143682085e-01
1.607858964027157889e-01
1.546706624339657943e-01
1.056292054871980635e-01
1.519834456976691950e-01
4.064455316771211496e-02
1.120599539177420945e-01
1.461421704207160333e-01
2.174979163514050018e-02
1.337922842110741972e-01
1.719186362818756197e-01
1.030925738032026640e-01
2.300431970382254554e-01
1.602666771379557542e-01
1.666679620118428906e-01
1.857103133468629708e-01
1.534010434483322749e-01
1.506215768739357919e-01
1.433624937189278137e-01
1.401815456136556726e-01
7.451710102374980993e-02
1.510766348732425490e-01
2.193422258399548019e-01
1.306383380795788085e-01
1.523010403644405875e-01
1.866909096077652985e-01
1.789447888393131125e-01
1.655433590946352174e-01
2.135696895354510516e-01
1.198640420411815621e-01
1.344998473110912418e-01
1.956372824994724313e-01
1.476117303413086723e-01
1.795035484748317145e-01
1.312602612318873596e-01
1.663873033941943025e-01
1.657378472906858857e-01
1.981670580984825347e-01
7.817238413829204202e-02
1.732289831514946254e-01
1.102813137207185185e-01
1.556834528748660129e-01
1.752942904096164156e-01
1.526777042775500914e-01
2.231264957292243556e-01
1.702138228808481868e-01
1.423536642487628068e-01
1.985947780978519761e-01
1.758371397912278922e-01
1.743797540322794826e-01
1.291261054891725824e-01
1.024581582978494609e-01
1.582782189726530397e-01
1.659232955283907740e-01
1.620921434550246787e-01
2.011405773069889769e-01
1.420408659863705014e-01
1.381568006517122360e-01
1.985505218408626649e-01
1.585776330934125511e-01
1.783140033077437181e-01
1.764310651371094885e-01
2.053197300315764418e-01
2.761407422504281728e-01
1.497942959912036132e-01
1.232716909368761216e-01
9.884519517405952749e-02
2.406209816369974386e-01
1.588048233406005039e-01
1.457006719602921274e-01
1.723157818056558488e-01
9.966337668497084190e-02
1.799464067208101092e-01
1.681332180926632391e-01
2.709898353449040065e-01
1.250757832649464496e-01
1.763871283535578816e-01
1.604534104646100079e-01
1.006708921596282946e-01
1.642144306648312957e-01
2.036873018469781971e-01
9.237301044774583192e-02
1.106111642469033290e-01
1.807431626177330164e-01
1.364574300843379162e-01
2.021128113766439971e-01
1.488097175060542066e-01
2.401296911502092679e-01
5.357899906742146640e-02
1.169364409284292666e-01
1.755929083073831665e-01
1.303627635955759145e-01
1.993425431362233768e-01
1.330202617415533473e-01
1.621855941005045931e-01
2.515210016377562585e-01
1.106640962144426754e-01
1.183911447548921664e-01
1.416014114811972036e-01
1.218989941074402061e-01
2.311311706936058363e-01
2.137938199115302917e-01
1.746689170387631107e-01
1.719704116479722211e-01
1.679244291878294604e-01
1.131831152916037003e-01
2.139063032402198083e-01
2.126911395534568372e-01
2.093945292213837683e-01
1.647235406265988300e-01
1.774741544750011168e-01
1.617772687625174677e-01
1.277331514271048685e-01
1.337565091190898725e-01
1.665984498269860448e-01
1.866408620068604196e-01
2.350379319082221419e-01
1.604807095367354053e-01
1.694953880467145735e-01
1.034635974815468068e-01
1.869179934974036505e-01
1.343172666947773097e-01
2.077340225028454224e-01
1.542663667889249413e-01
1.990400355479068351e-01
1.570904861092802252e-01
1.443576718741053921e-01
1.767224539799735761e-01
1.203901989143622148e-01
1.816230460186570028e-01
1.418114491028814594e-01
2.022958815278551314e-01
2.495710315072850738e-01
1.191596723643231354e-01
1.986370156669511056e-01
1.552611173005558065e-01
1.636916723310828659e-01
1.526274006067205036e-01
1.331951007376106777e-01
1.309675787540346414e-01
1.012650733234272266e-01
1.929928559369854524e-01
1.109802210335373435e-01
1.830608281758267508e-01
1.600755962942515820e-01
9.707729556201041832e-02
1.917008914767767136e-01
1.597712871734683349e-01
1.064358208408659745e-01
1.740850131830286307e-01
6.980595691237305445e-02
1.708381806140435721e-01
1.545945265010083558e-01
1.491035740978469137e-01
2.174185665878007601e-01
2.067302560103637110e-01
1.715009686850050563e-01
1.768795037956219229e-01
9.433843745551127868e-02
1.491792427910545171e-01
1.074304697348932580e-01
1.846166386004164384e-01
1.780692025485295649e-01
1.575547251386530401e-01
7.324226213834282573e-02
2.639197199639072289e-01
2.238941932440482452e-01
1.316813689753342231e-01
1.456181314453204312e-01
2.131387048647753191e-01
2.055014620876886855e-01
1.685979942368869833e-01
2.260710987842587671e-01
1.217862841221093451e-01
9.336009304050724156e-02
1.944384095948027968e-01
1.872874974226208244e-01
1.183151106791558993e-01
1.421845915391656556e-01
1.016129041326754301e-01
1.688582190194988231e-01
1.168141875976423799e-01
2.202824867482238991e-01
2.375256557934506962e-01
1.435569224733318494e-01
2.063968725718423325e-01
1.167719827892147871e-01
1.981612477267840622e-01
1.607849146245924898e-01
9.603643338960156373e-02
1.159952681930401935e-01
1.894955851887943077e-01
1.787798689828470622e-01
1.487157926379406303e-01
2.220197240741157985e-01
1.597612629675675688e-01
1.685622590190916370e-01
1.209395372297764337e-01
1.875499455273094696e-01
1.892249513162083119e-01
1.697820200860576390e-01
1.704617014558088284e-01
1.218451225239131630e-01
1.924864404629841041e-01
5.835031677339466705e-02
9.262659589182532793e-02
1.072310990648292495e-01
2.043634238979271933e-01
1.472435755634680099e-01
1.287841633996124890e-01
1.187729622044638444e-01
1.788192600497975904e-01
2.033599223368562359e-01
1.262726391242849910e-01
1.319255751493264295e-01
1.305374639337903153e-01
1.208966823506612970e-01
1.829382821144574789e-01
1.678407516243173025e-01
1.722520324407494641e-01
9.867833470088337167e-02
1.775445222857575389e-01
1.807510494258655065e-01
1.528013074457245934e-01
1.000529790188114526e-01
2.028393338737753404e-01
1.824174818917980168e-01
1.329240457220240423e-01
1.727478960142176112e-01
1.894339146942622121e-01
1.362155624233299667e-01
1.914530166407061029e-01
1.873537262771351464e-01
2.092897351221800484e-01
2.257906445333450196e-01
1.130535676766905723e-01
1.255938071081569574e-01
1.576037967117489280e-01
1.142571451861796872e-01
1.651392534453569316e-01
1.351905826640170949e-01
1.726260315741924012e-01
1.812723188233887894e-01
1.606918036374656300e-01
1.346486825465782466e-01
1.006005582617199579e-01
1.990671928570493798e-01
1.233430092190800770e-01
2.243453425395617318e-01
1.191886727542896263e-01
2.332506122346789112e-01
2.105284278503983530e-01
1.485877151787765027e-01
1.434294725051977470e-01
1.840899263928979512e-01
1.988316543657436541e-01
2.517483554579144633e-01
1.821908151536702214e-01
2.032161670779766560e-01
2.006958681675008738e-01
1.226403082271479011e-01
5.168538393382276358e-02
1.860847954492250989e-01
1.627935513836762105e-01
1.216487059936469939e-01
1.711315674467972781e-01
1.476881053901090701e-01
1.304252380802807809e-01
1.915290442888577804e-01
1.595882830088317939e-01
1.771797812609005596e-01
1.966174598001938223e-01
1.297456267936003549e-01
1.698281317468766649e-01
1.614540600139093562e-01
1.588492960529490905e-01
1.885145226075969349e-01
1.297604188280628568e-01
8.172426507765730153e-02
1.563078557578020666e-01
1.003416772006991975e-01
1.226743900536150095e-01
1.965168023102639439e-01
1.382494024207297778e-01
1.541364463976409860e-01
1.525947012439176076e-01
9.552331317529080823e-02
1.972689201738856424e-01
1.517666774491203685e-01
1.395237253372543784e-01
1.886331428497602936e-01
1.529830818417416971e-01
1.348727489412837877e-01
1.895787931286403438e-01
8.519110978893812414e-02
1.459149065218252328e-01
2.031960834525946280e-01
6.160608174314563534e-02
1.098917351405780535e-01
1.616682339642554478e-01
1.981368435125245575e-01
1.530447812213419911e-01
1.565096506632461526e-01
1.548112221975129488e-01
2.163051203096740260e-01
1.809144626927879917e-01
1.806783952852885067e-01
1.958539641972893430e-01
2.196064266865897230e-01
1.003486713663597624e-01
1.215000569644933692e-01
1.899755035281097959e-01
1.018489376307075145e-01
1.558148793392686304e-01
2.187160613480445825e-01
1.892718738260590061e-01
1.761994162368002992e-01
1.784705485442986128e-01
1.965023183564251763e-01
9.250862453563826748e-02
1.666459992225891029e-01
2.204328517858938352e-01
1.603829626029223410e-01
1.433801436638064419e-01
1.581781806569752258e-01
1.283504247454718694e-01
8.878257870722144895e-02
2.059587693144524778e-01
7.838860741225511797e-02
1.702138985988799480e-01
1.384313343969562626e-01
1.356797133045898052e-01
1.105261332917991668e-01
1.316467651871623123e-01
1.394908525194756832e-01
1.638218362392060978e-01
1.413762471963192491e-01
1.859555971093388160e-01
1.794326479189579659e-01
1.247885079997231444e-01
1.520564313077831520e-01
1.714966942507562819e-01
1.777866909878044188e-01
1.311753854583658785e-01
2.297773070942520923e-01
1.411045105558368928e-01
4.565659494151433351e-02
1.995367910404963752e-01
1.690541522655015227e-01
2.436924892298113765e-01
2.402896702367108839e-01
1.736324316181955818e-01
1.991629561716465324e-01
1.924845054080569218e-01
1.113228942105453090e-01
1.704505331022322934e-01
1.360892753039714131e-01
1.296655245014921021e-01
1.365834602588356927e-01
1.167200200611774735e-01
1.386019455267317457e-01
1.403348766204457476e-01
8.852871911342767575e-02
2.121385656406664377e-01
1.611652805663884303e-01
1.528556811643106694e-01
1.681005871102903837e-01
8.741131115236028259e-02
1.471812764080304148e-01
1.538907210774408119e-01
1.787478954167147915e-01
1.278555115327963121e-01
1.423954764141026064e-01
2.124003814130795698e-01
1.242696466589334608e-01
2.517425556110399198e-01
1.853068248497849457e-01
1.735967818798023199e-01
1.577474892842107013e-01
2.044241755135585425e-01
1.434271221898773263e-01
1.891374608845168559e-01
1.661231597007327698e-01
1.572275056608151145e-01
7.889634531179570698e-02
1.421437402774604342e-01
1.529994358011710909e-01
1.787929152321044435e-01
8.219559980331993254e-02
9.059258946715319227e-02
1.307419772915358880e-01
1.685620673198312269e-01
6.411492144800091941e-02
1.451143669616240528e-01
2.318862214400097266e-01
1.788828224239422393e-01
1.215127986471804672e-01
1.760268115918179055e-01
1.636356807906865218e-01
1.946188717340394114e-01
1.689788615764196422e-01
1.254362274739914407e-01
1.714547945654132655e-01
2.095391482138929395e-01
1.262760088380946721e-01
1.019806386976091911e-01
1.915880463567361247e-01
1.731734054066788875e-01
1.466102259615350012e-01
1.183251640995594545e-01
1.906246618861813791e-01
7.973263016683510007e-02
1.416928744842069210e-01
1.703134689220890952e-01
6.223678051447469745e-02
1.036499894782785119e-01
1.725225788549708816e-01
2.595257258463457006e-01
1.277335605680724184e-01
9.700245168590457268e-02
1.395816153397479997e-01
2.103142824870283534e-01
2.183223861485372730e-01
1.267429163815697313e-01
1.818297002959567699e-01
1.142287139506693305e-01
1.993090961796263327e-01
1.813729165130309740e-01
1.776420423043429120e-01
1.770095550302530629e-01
1.391723429738741247e-01
1.818888696544721517e-01
1.635962537352445290e-01
1.930314597128581222e-01
1.395646042035611489e-01
1.591215811215307974e-01
1.947847695466146944e-01
1.955091902529088876e-01
1.687014571174790256e-01
1.808476039404604829e-01
1.660172148241462475e-01
1.650619439483264617e-01
9.472058628785989809e-02
1.655109224112506494e-01
2.153127394974600761e-01
1.356947628969961128e-01
1.315014225974844575e-01
7.882069627062872341e-02
1.031890751914962545e-01
1.322312631973527886e-01
2.109821706506201655e-01
1.340958696446780396e-01
1.923520123875198939e-01
1.229984249837271088e-01
1.563154722738306079e-01
1.733506246138532547e-01
1.348777850005195289e-01
1.668203204949474106e-01
1.410430675063091277e-01
1.751571344610212688e-01
1.795908246186463386e-01
1.225022498423057327e-01
1.378381605868410076e-01
1.805995089485179783e-01
1.031632011207903460e-01
1.507230609783218045e-01
2.048511055785428026e-01
2.053862692274151247e-01
8.178496873936109968e-02
2.107277222970367347e-01
1.377580029610168399e-01
1.493672507906131652e-01
1.035067596943046453e-01
1.829555838748904983e-01
1.845576752074741533e-01
1.567158710529741317e-01
1.213901196880894651e-01
1.497171164320578174e-01
1.532132724940157287e-01
1.187554049249829463e-01
1.654570851494829020e-01
1.851787142573933787e-01
1.251780893748431246e-02
1.145985524449715104e-01
9.394531828382933492e-02
8.293797748483440480e-02
2.118347354753185308e-01
1.603482763387944487e-01
1.144416733072828180e-01
1.689202541432184013e-01
2.139205720774899899e-01
2.233952467257999119e-01
1.734560265909617371e-01
1.932348734641310684e-01
2.069750896602401136e-01
1.901736790568533120e-01
1.152662741134905661e-01
1.176548108649828756e-01
1.728558384884601729e-01
1.494372440190889773e-01
1.022864683978357558e-01
1.852047335680348239e-01
1.988242284299948093e-01
1.453876882875866916e-01
1.795105936908858169e-01
1.190543681845959156e-01
1.509620141042812835e-01
1.018936223150404552e-01
2.137026972814932146e-01
1.404272069077719953e-01
1.713412265954699920e-01
1.078555339455189860e-01
1.748379551927028985e-01
1.690502350614232485e-01
2.005549326388174902e-01
1.650425641467374582e-01
1.521033698531384648e-01
2.218469576525098630e-01
1.557507559110506146e-01
1.651766584041736707e-01
2.295549444853557941e-01
2.126643420330199541e-01
1.147689795128969958e-01
1.897856962451498763e-01
1.414643560698781444e-01
2.509405800057791236e-01
2.095804016385443003e-01
1.310221942814780993e-01
1.638163249441941804e-01
7.979022722475392904e-02
1.897337940820780222e-01
1.029593575747282524e-01
1.934394904261774462e-01
1.781438973566539519e-01
9.887819656446583672e-02
1.356750823317431354e-01
1.749805632595026472e-01
1.863159472395925498e-01
1.516019852131392232e-01
1.476508475230377260e-01
1.793857455175801030e-01
1.509738192002845480e-01
1.087913734487846729e-01
1.696814443000222994e-01
1.172387249567664741e-01
1.348764912903490376e-01
1.983856196444513109e-01
1.544151710379018938e-01
2.104670575032465962e-01
2.347865358872314456e-01
7.894223618993646829e-02
1.429074652227578512e-01
1.243242947570262491e-01
1.722237108586484045e-01
1.382849888512605041e-01
1.461054300551743179e-01
1.721202874852996167e-01
1.219096696846105055e-01
1.796408672055243017e-01
1.563067437133032478e-01
1.541954671938286225e-01
1.174545388616313746e-01
1.353283634438031402e-01
1.701937177062717299e-01
1.863618400342319514e-01
1.465329815654516366e-01
1.226272279179910635e-01
1.419430687033884086e-01
1.533295122374219721e-01
1.976746802244364054e-01
1.106655775807045133e-01
1.471889101638407804e-01
1.853280493718368060e-01
9.305134143303728234e-02
1.538164139159599875e-01
1.757056833808040841e-01
1.631305564581648215e-01
2.242531759404633174e-01
1.261378217828041104e-01
1.815130715982750942e-01
1.779919976998563247e-01
1.613687105687427459e-01
1.649776124543462508e-01
1.993032238309206949e-01
2.325176581634084416e-01
1.594404390183777331e-01
1.379474257250504765e-01
1.806855396194964880e-01
1.876363797553967927e-01
1.043225878947540569e-01
1.130031481167563245e-01
2.061208198458291396e-01
2.015909549814287882e-01
1.831880295395723890e-01
1.251663252711204821e-01
1.627671261721537477e-01
1.477102694627577539e-01
1.387379454591923245e-01
2.331029090121334024e-01
1.488146504244038104e-01
1.085340830601852352e-01
1.544928551272866102e-01
1.764476815736158999e-01
2.408062658469867501e-01
2.019168578684195636e-01
1.756404163026218379e-01
1.386393850834722885e-01
1.537031820393280346e-01
2.063925220505917479e-01
1.056354135216510254e-01
1.229326812007273534e-01
1.571056494995164421e-01
1.874501740179745080e-01
2.063938047043014923e-01
1.339983835167326554e-01
9.956881549082348404e-02
2.131700788033777660e-01
8.829723123691375630e-02
5.905362175111696088e-02
1.874130314805687869e-01
1.326853384472429509e-01
8.225706885384199973e-02
1.596849424496262770e-01
1.310892389521455537e-01
2.119966562954730405e-01
7.536477169434326051e-02
1.288249068756208982e-01
2.592355221615678107e-01
2.347883150968055332e-01
1.698669346749761555e-01
1.286312039851316980e-01
1.114393430186737532e-01
1.202197838116015327e-01
1.754542038141506943e-01
1.068431477640417460e-01
1.445997633633445689e-01
2.096494885535443720e-01
1.909544419160141282e-01
1.782924681839825609e-01
1.990146449825555552e-01
1.880160251529949256e-01
1.128901135990021398e-01
1.207058481046287407e-01
1.242660954302968329e-01
1.447696733365977373e-01
7.803649443480357994e-02
1.875575889640834493e-01
2.685296137053032328e-02
1.379058970184549870e-01
2.004854314541216209e-01
1.670073023896757880e-01
2.525604725269005590e-01
1.401463988896663182e-01
1.865474706739915500e-01
1.633331105813385087e-01
1.876532830048107947e-01
1.160835215122811154e-01
9.830560624138214021e-02
1.738149672493710662e-01
1.761107518862586596e-01
1.716507321199167158e-01
1.148587362810660900e-01
1.185488207925977366e-01
1.164674216428384923e-01
1.732101292594070419e-01
1.600278229271614450e-01
1.714495074356104376e-01
2.058126436254833214e-01
2.298627079289169983e-01
2.123601421960832902e-01
1.452124567952581824e-01
2.229573945958650272e-01
1.793620358590072850e-01
1.386678062899006636e-01
1.313128809857850021e-01
1.809275167776253357e-01
1.078189096016782672e-01
1.577677236301841257e-01
8.796876573466308469e-02
1.407815898145245992e-01
1.072836028949925441e-01
8.825650412442435921e-02
2.157908919278150317e-01
1.308390068412185192e-01
1.787956348306258270e-01
1.146303363127426367e-01
2.577410381745453560e-01
1.224361959218069063e-01
1.776065522913194417e-01
1.895022919315075272e-01
1.473283972217915849e-01
1.316199388324084119e-01
1.119296525085436145e-01
1.478877003669009371e-01
2.080990264163874726e-01
1.125170924635974790e-01
1.316990420053850697e-01
1.511038686090319105e-01
1.956317986766503703e-01
1.818106185209089620e-01
2.135732530942240637e-01
1.409678373218876679e-01
1.869537790657836707e-01
1.765543844314916844e-01
2.038753009327174959e-01
2.583070264934206328e-01
1.037599243207216193e-01
1.596752249123349343e-01
1.759945386491151842e-01
1.802488121469927318e-01
1.557762965290010460e-01
1.005334348539888428e-01
1.677336189987228554e-01
1.663406265321389355e-01
1.790554543592875192e-01
1.651236386128650535e-01
1.915955054901845589e-01
1.625628641542552766e-01
1.939925803518354752e-01
2.033702810346973977e-01
1.501327536401245721e-01
1.286463136638951454e-01
2.464738570804813345e-01
1.252194861674500725e-01
1.009248143385449853e-01
9.223927582350648080e-02
1.764093974209701987e-01
1.133736985412639175e-01
1.710402332920895330e-01
1.417105366599012151e-01
1.404277277719518935e-01
1.619547120423050768e-01
2.287416955497706961e-01
1.056998400931681986e-01
1.894464814980527378e-01
1.192616559025243134e-01
1.530427818400708906e-01
1.406655943690166832e-01
2.244953744086261305e-01
1.573139178078112876e-01
1.483076477031173290e-01
1.039576084561449065e-01
1.428123610127350895e-01
1.330675339650592148e-01
1.393572529964014761e-01
1.086826750384975449e-01
1.579930812744870516e-01
1.157767310953943252e-01
9.873539208092071973e-02
1.703336178812539792e-01
1.264185322623108954e-01
1.933619893463158282e-02
